1603
5593
5100
273
2500
3954
1765
9164
9276
6391
671
7908
6080
7763
1232
3497
3600
7605
6477
9989
1201
9830
1832
6821
7422
5752
655
7543
9856
6721
3744
5734
3362
1129
1188
6988
4663
4465
9758
1443
9607
9478
5225
7540
4874
8112
5584
6741
4142
6966
8423
8215
9540
1653
2078
5843
823
5376
2447
2186
8084
7328
847
7262
4706
4147
8647
1184
1462
7871
5546
1647
7425
5496
2893
3934
5938
3669
3137
5326
9940
2013
4993
512
7244
9275
1229
5681
822
9594
1435
6173
7351
3496
7589
4713
5708
3726
5658
4586
3465
6174
5638
3160
916
7475
5598
1303
2977
4462
9290
3952
737
5776
3569
7168
8480
1283
3324
1867
6221
9326
9498
8471
6240
6578
3714
2577
5018
6788
6208
7045
9977
1906
4356
2744
5020
7061
8393
9359
5624
546
5023
815
6389
1167
7830
7662
523
6173
8923
8216
4324
386
78
8589
4157
8852
2209
2283
3630
105
7119
1186
2842
3255
4288
8894
7171
4582
5227
126
7428
2161
8065
9364
8420
1801
5113
728
6068
4683
6211
2754
370
516
4346
876
268
5411
8242
8346
5095
9619
6509
5335
926
649
9173
8486
4083
9555
7690
1662
3128
2772
7739
3698
952
4728
8294
2750
7789
1894
1426
3227
2242
7724
2784
3346
2925
3693
1057
2781
2979
9771
1569
790
3018
2504
1024
4128
9849
3622
173
9063
4442
5851
1
4276
9051
3947
5764
7163
1531
6686
5032
7412
3993
8010
9361
6367
1462
7335
19
4068
9373
8466
7982
9604
895
9894
3845
8197
2767
1340
2478
9740
6947
3746
3391
2536
9747
698
1301
4242
8225
5992
7702
5938
3228
2215
4057
9452
136
4282
6127
9612
4788
9087
6735
9949
6731
6073
2781
8481
6803
6430
9985
1664
6481
1870
6868
4070
399
1254
6684
8117
128
9002
2200
4965
1824
7104
7323
363
2259
6785
8553
1419
9689
7692
7268
341
8583
4754
9302
2933
2139
6587
4349
3445
8185
2517
6170
7336
9037
2950
322
6413
964
4508
3215
9314
3858
8504
1927
3570
8440
7948
8866
6487
8569
7967
2971
2961
6480
1460
4862
4339
492
1636
9878
3850
9165
933
4365
147
3522
4329
7195
8181
5848
5158
3726
8820
5799
9128
1695
5117
6513
9802
4850
3916
2044
4576
6809
7155
4897
8564
7224
8087
1993
4761
743
7013
529
3574
2849
4216
5816
5577
2533
76
5895
8230
7073
1837
6308
4872
1057
8586
2187
9293
4747
3977
710
1417
622
6253
8238
126
1960
4396
9788
5794
3636
9382
5757
6324
5624
3586
1791
6808
7465
194
661
8058
6099
566
3666
9521
1972
1233
3337
8339
1703
3056
4401
5808
4032
9704
705
1195
9163
6870
4137
3866
8589
9621
4145
597
2373
4172
1080
14
8478
1754
2108
5601
3448
8454
7861
2417
6561
6483
6926
7320
59
4447
5741
8889
1752
7947
7542
3703
1821
8254
586
9883
1067
5895
2714
6554
724
2787
8759
2752
5209
6624
7760
4197
9477
7085
8018
6222
489
9138
6576
7805
6638
4163
5564
7757
8575
4807
8937
7487
2496
2632
9028
8364
2527
952
9847
4377
4065
5738
2742
3060
9463
7866
3899
4859
6331
605
9066
9403
6309
4774
1896
3885
7071
3011
9162
8599
136
2466
3192
6397
5238
9341
1935
578
7820
4032
7666
3904
8863
5175
4283
3321
2061
5261
1314
7685
6843
9219
1905
6114
9272
1073
9393
5370
8792
5939
6927
1754
6661
2060
4140
8635
9885
5856
2901
6095
3621
2379
2157
9943
5491
6722
1082
4276
1953
9068
2260
9196
6149
7270
8790
2147
3289
1124
7892
816
4155
7177
2923
8740
3123
5896
9933
8076
368
5915
7418
9824
3087
9059
2809
4513
3281
5471
289
4744
1432
5902
7489
8580
5451
7874
846
6639
2530
3468
396
722
8152
2118
7109
4036
7859
1914
8432
1648
1877
9790
3598
280
7494
7308
3979
8355
9537
7966
2743
5668
6217
7307
4888
7542
2583
1836
4013
834
4521
4356
8189
6237
9102
5702
3572
5692
2939
2505
8183
1052
9094
1381
677
2089
998
5117
9237
4658
4065
4324
6586
9512
4569
1409
674
4713
4655
4869
6459
9456
7425
9219
5681
9892
6934
3076
9801
949
6846
1783
992
2568
9801
672
9315
3391
4329
9972
6400
4339
3851
5512
6246
489
6302
3950
1868
8522
8021
1584
7632
4223
6715
7791
8843
9355
3476
5379
9852
6938
6726
1734
2238
3408
9264
829
4573
3434
9695
7392
4449
3400
628
8617
1313
1930
6834
5389
9625
7363
2365
2157
3835
9879
2360
8627
9598
8312
709
3601
1665
6587
2319
2810
4831
7777
1090
4936
3462
3853
7846
7505
4981
1346
2312
6018
8858
887
5906
3129
8582
9048
8555
698
5648
3806
9037
8522
5886
434
9953
2055
6563
4899
2524
5483
4075
9071
2748
9812
2627
3279
9984
682
4941
7392
9787
2095
4545
235
4503
8285
9524
2950
2856
5955
4319
8421
1172
8793
711
6012
5940
8735
5233
4718
5305
9590
5778
2257
2789
3363
304
7144
3749
4931
191
342
7798
4532
7723
2303
1556
6234
4809
1835
1922
1531
8009
9551
5153
8856
5086
3051
9534
1242
1511
1154
1968
4571
3966
4569
1871
8998
5886
5791
7610
4990
1777
1681
952
9130
5460
6775
4104
4933
1584
7543
6115
4178
6526
9118
9631
9336
975
5397
4899
6603
6925
6876
1881
2090
2195
2854
7827
4325
8025
8529
6001
1218
5251
6661
7201
8439
3865
5377
1427
6389
2211
1490
4734
6587
3922
4591
3295
8926
2890
8789
3614
8514
7186
8461
2709
7379
6072
8921
1478
3226
9772
5399
141
8337
3459
7080
9195
3128
9611
6028
2650
6764
4144
4245
6227
1385
2005
7391
6103
156
1963
3192
4564
4065
5019
9269
9532
9003
6135
9682
3876
6245
4454
8834
129
4154
3555
959
9455
1038
828
8781
103
532
7211
3033
4405
7086
3280
9714
3725
2110
9552
5286
6919
4907
4259
6921
2419
1509
5839
9833
4089
4145
9578
7400
2977
5074
6638
7692
7031
8660
9814
7831
7738
2320
7130
989
8293
1725
1686
5296
9381
9170
9908
9491
9801
7203
152
2612
9888
8611
2816
8754
3491
8217
7987
6009
4862
3716
566
3352
9443
5397
2751
184
1072
3192
1051
6257
5645
5413
9222
3748
5925
7192
7838
2571
7696
1436
994
7254
3869
9490
5641
3929
8847
1536
2910
6324
4483
666
455
6266
3309
7119
2397
5297
1877
4292
5530
900
2795
7115
6422
8825
6287
1382
8787
3289
4482
1738
6757
1096
1789
1027
3373
2055
2261
9939
2660
898
6753
2925
3232
2045
3206
9406
228
7306
2982
9662
5718
355
2569
2905
1141
1274
3639
9558
5992
7977
7540
3046
1059
9266
2203
5612
9176
4786
9810
7720
4445
6959
231
9156
9438
867
3480
4042
7747
2894
3695
8813
7541
8813
1434
6670
5431
5193
7992
4997
7711
7260
872
1457
701
7607
8088
1876
9425
4271
8574
5060
4479
4888
4497
9953
4894
5980
105
8714
82
8617
4738
2905
1478
6018
4982
7102
7189
8595
3731
4317
6050
4774
4089
4610
7042
1647
8395
3519
6314
4399
2515
7176
7765
9270
3376
1935
3936
8484
9194
3962
7322
1670
8394
5157
329
6489
1202
4314
9645
8742
9374
8880
5859
10
9136
6690
4633
6516
9439
6966
2297
9875
7321
8121
5095
7759
7796
3770
4030
97
5133
3534
2003
4731
9484
6442
7907
4140
5257
9244
1726
9834
2424
1085
9103
9738
2562
5160
6587
3071
6540
1855
7981
4410
3500
7927
595
5196
3607
5110
4525
2813
3685
5192
1624
152
2893
9418
4666
1452
1965
573
7281
5008
4146
4945
6360
2153
4792
5329
3807
2242
796
8664
1382
8964
6209
7219
835
5234
5804
9902
2881
1732
9245
3810
6030
9592
7178
1726
698
7923
4706
4457
5021
5216
8951
2415
6347
5934
282
6804
1379
8129
8647
8660
5055
4986
8115
6800
2646
7244
6339
8786
5023
7412
146
2413
8799
9328
3067
3219
1759
4189
6695
4159
6101
2442
9149
7372
4722
6912
6493
4882
6112
5815
6642
4077
2639
844
6920
6468
2257
4519
2776
7604
8205
8579
6998
375
3643
8513
9919
3524
5104
2563
7870
8147
9109
8160
4944
3871
9133
3385
8908
8707
93
3468
926
4473
6212
3719
8718
5038
4773
5692
4892
5424
1510
5825
4141
3592
5915
7186
8569
6077
5418
2379
7845
6976
3516
4890
7536
3853
9577
9021
4137
6118
9673
4295
4226
1420
685
5739
9730
1919
9050
112
5928
5196
7448
1441
5348
5082
1579
2128
3814
630
1989
3090
2505
8321
2369
1263
6241
9398
772
779
8172
7618
8681
7336
7810
3197
5236
7629
163
3306
3660
1045
4161
2499
799
247
516
8244
6998
8549
5254
938
7431
7114
1802
1503
3714
57
774
1731
3532
400
2503
1337
4206
8648
138
8610
1474
6264
1590
1926
8514
9514
3442
3285
9587
3629
4124
5545
6574
7936
4327
7913
2226
2394
1567
8953
1434
8829
9250
6672
4305
9554
2173
756
2837
3821
7557
8105
5742
9339
7359
3588
250
3912
6868
6520
2922
5070
4015
4355
8282
3492
5946
2809
4285
6877
3548
1626
2789
7368
6864
9588
74
1495
3764
293
3575
5998
5577
3756
7101
3105
799
587
8836
5474
5226
4953
7441
336
6747
1947
2587
3593
8916
6059
6499
7466
5754
7878
3950
2684
2972
6038
9014
5283
8801
6190
2099
5473
5757
2658
9083
7794
907
3471
9747
8758
3779
4695
3104
9604
6786
4498
3879
8644
4912
8698
5767
6916
7945
3226
1854
8928
5037
2259
1966
9338
3020
2894
2427
7106
1668
2128
5292
5369
1412
6784
8816
9613
3066
6380
9699
6256
8012
5859
8805
2808
8623
6227
4373
3310
5535
5966
6828
945
9708
2545
9554
1456
555
3219
5936
1989
3069
8814
7596
1571
9510
1510
4975
1007
2044
3900
5491
6269
8435
4381
8164
15
9713
7361
6293
8146
4658
2713
9517
6394
3257
1181
3320
9263
6554
8781
261
87
5598
282
8433
5269
6284
6752
1684
7596
8944
3482
970
411
8229
5452
1266
6570
6524
6996
8128
3506
696
8220
6034
7721
965
4330
5009
2043
8832
8342
4934
8194
3666
8894
8046
8029
4891
4687
5327
7980
777
2780
2305
5054
3006
4057
6152
4346
2760
1497
6317
174
3626
6179
3124
8228
3454
2345
7697
7182
32
1354
4222
1805
9142
770
5255
9974
3711
6085
6381
461
6997
2034
5681
3314
7687
6337
1672
2942
2267
8012
679
6391
5664
4475
3634
1965
5150
8805
2398
2508
5623
5692
3250
7624
9768
3041
6457
6418
5612
2699
916
3343
7526
4401
6931
2663
5142
4737
436
2231
2854
6811
5535
4645
8531
615
1347
7504
2048
2853
4131
1880
4947
5188
3116
3014
2549
1239
6360
5456
4128
9177
486
4048
3785
6870
2559
9712
7416
100
9752
3262
6298
3929
2573
9708
9495
6666
18
4225
7031
9183
6903
9621
6218
4453
5214
5257
6468
9854
5546
8395
5478
9495
9297
301
1978
4952
2694
2329
8781
4762
7868
9384
4899
3283
5422
6520
5877
8714
2996
6928
3472
8324
8982
9245
1487
5647
9548
5581
1017
1504
5437
5718
9321
1273
3880
7194
9959
553
9996
8660
6122
6294
4603
4302
2715
7488
5602
8590
624
3946
5207
2020
8855
3498
3175
4004
174
8691
8463
6842
1095
2015
5458
8815
917
1865
4855
3892
1974
9033
9197
2115
4889
9288
5780
2229
1178
9619
7453
8532
3192
7186
4595
3795
6424
3098
969
3359
8762
452
1007
6748
292
5035
4818
120
130
1018
990
6587
9621
2152
7783
1960
735
930
5812
4954
8358
7260
6595
9500
2876
1803
5419
1385
333
3596
6588
9803
8206
3321
7194
3910
9672
3978
5617
9849
176
8792
2353
1374
4204
9480
1830
4905
4146
2319
1345
8026
6940
3145
678
5935
2167
6656
9884
3568
212
5583
3307
7161
974
2977
6382
5402
1137
1647
1313
7707
9849
9698
712
971
7316
3211
8398
4789
4190
7222
759
5271
7104
298
6187
7756
3256
6341
5241
1545
4059
9448
6505
4295
8383
498
4188
1315
1757
3885
1641
9236
519
1491
7519
6997
1728
728
6733
1320
6038
5623
9382
8725
2387
6588
9714
9844
7073
6675
9640
3525
1052
9656
450
5415
3875
5759
2839
378
6643
2674
1625
8986
9201
7510
4135
6432
9823
846
2394
5903
9586
430
2755
523
8748
2539
8463
8275
8609
4226
5513
309
136
3496
3599
1839
3401
8846
5761
6307
9889
287
9020
2910
9996
7770
8692
4866
497
9817
8051
7754
2028
8794
83
7723
2890
5394
5655
9650
5432
391
5838
8277
479
4765
5107
1049
4308
1
4426
3833
4622
4758
6485
8510
3619
8177
7194
6568
2078
3244
7133
5617
7312
2593
9129
2547
7526
266
8159
5168
4071
7709
1973
3382
4931
4006
421
9973
6373
9858
781
4793
957
4573
9179
1039
2559
1249
7518
8323
1540
999
2178
9518
4929
9336
7311
5958
9243
4051
4994
5934
1551
5268
7850
7121
9970
5504
3391
7388
4604
6273
7858
498
6271
547
4384
1995
50
7229
6189
2515
4450
4603
80
8822
2998
3601
5414
2462
8807
8922
4721
3673
2625
388
3978
6771
9716
6133
2051
7585
2913
4559
4811
2116
8770
557
7338
7983
5621
4966
9308
6106
8794
6012
7125
2950
3687
8379
1323
7996
7191
7356
4365
2914
6924
2862
3323
3740
5728
2878
7464
745
2816
196
3499
8308
3125
2931
6988
721
4726
9642
5738
5149
2593
6383
5817
969
7551
1110
6382
4310
5328
5824
3842
3317
7377
4493
9818
2833
7251
8944
4802
6040
9432
8900
2070
7524
5335
2875
2122
9533
9890
4280
6326
4326
4327
6011
8027
9978
7875
6215
6488
4966
2225
5244
3693
1933
1026
2291
9152
7706
9454
9412
5895
3904
9571
8257
6208
3647
3814
6851
647
2061
1405
4998
255
2505
3207
3612
6387
3918
4878
9458
3262
3491
4259
2025
416
5596
2624
9551
8206
1135
87
3422
7437
5990
935
1914
6707
2589
4251
5992
3665
7130
1572
3868
9298
959
5874
2913
7459
3212
2026
3286
2199
8794
3811
9112
1605
403
8573
9576
393
8616
3822
1249
3981
2024
3489
6304
3007
2582
9279
5572
6229
285
2849
3098
303
7594
662
6478
7449
2981
330
101
1437
9882
4683
1662
5011
9189
6148
9393
6537
3860
1770
7102
1384
8400
272
1024
1625
1851
3930
8292
8576
6875
1125
2866
3503
6192
2100
8258
8549
6102
5532
1317
3448
9011
2945
3469
1820
4441
5474
8031
8388
4449
1171
1852
1336
7445
1602
6611
4965
3294
446
200
7403
4173
2265
6957
1645
6058
7710
9254
3899
5664
7198
7342
5816
2116
5781
8740
4486
6395
5810
7712
9915
8648
795
4356
2608
3429
9573
9414
5887
3728
2046
4300
6718
5416
8082
3736
5683
7117
692
2948
2225
426
8910
9525
7723
6029
519
7405
6206
9248
9093
2886
1033
6982
2103
5581
8068
8175
2915
8388
3856
8523
4366
7564
8586
9758
9531
3744
9360
4880
5256
9794
3349
2548
9706
4229
2935
3200
3718
1378
9673
2604
7254
6635
4930
920
597
1379
2652
9294
3834
9329
5609
3700
1241
1331
9158
229
7048
9629
9397
7782
1533
9958
6688
3190
2309
1920
608
3008
1715
4155
219
6637
3085
2372
1423
2889
4326
1803
45
2717
1277
7901
9635
4963
9571
4014
674
2923
4007
8915
9561
6792
7715
1995
3908
8401
7365
8582
246
7592
8414
367
6721
283
3158
6088
4872
5807
4898
8647
171
8495
8605
8093
4552
1738
5547
2004
5348
519
3904
2284
4123
8850
7474
9981
3346
2276
420
3917
8692
5929
6757
6099
798
6296
2378
553
3347
6226
7405
7398
8612
5147
5904
6100
4551
7277
4306
6180
4643
6706
6818
8619
1462
7341
6193
6327
1061
6063
5285
2162
987
961
6866
1726
811
248
5106
4808
1877
3025
639
281
8783
8300
6722
8511
4616
4347
9589
8684
8510
4670
6359
1482
8203
7846
7524
4521
4076
5547
3676
9878
9423
7634
7839
3232
9415
8573
6664
38
4684
9204
3775
3333
7430
522
2098
6069
5302
5102
161
2293
5161
839
9606
899
2289
1196
9387
8892
3830
8323
7574
9614
4843
8859
1431
85
8507
9068
4358
9404
7922
4005
623
3629
3832
5114
4002
8463
5596
1095
1164
8640
1150
6258
9008
1522
7932
6107
2571
8608
7147
7471
5128
7757
7691
2252
1061
5646
6147
6228
9523
2774
3872
1944
3097
1525
535
2336
4632
2805
9655
2313
9949
2346
7610
5618
286
7443
9353
250
9420
2282
3926
4665
5986
2961
8489
1368
4659
3276
1624
7324
2182
3204
5485
7656
9949
9459
5839
241
502
4046
9099
4617
4901
9005
1099
3495
8714
8813
5282
3221
3134
2681
1753
2516
6973
741
8600
4548
8186
5328
456
6927
3753
2938
3368
1781
202
2819
9282
5075
6221
8597
2294
1308
9286
7216
246
7687
5212
8142
5925
6604
1691
9480
3132
8992
2703
3710
4525
1783
5404
5210
4626
2140
356
3234
4824
1092
4338
3982
1223
8438
9581
2581
5793
5538
9498
389
1977
1932
9704
4518
7285
9696
8433
8981
8146
4770
710
9658
8500
1175
3372
4109
1268
8274
8620
8852
9185
6203
3052
3612
4864
57
2805
8674
7090
8250
7991
1253
212
8750
1321
72
4405
6500
4369
3577
7547
1176
3185
5099
8202
5430
7038
6934
6335
4056
7828
7734
4647
2847
5446
5088
1762
8578
9333
3388
6987
2639
794
6538
6651
7748
9229
5429
8692
1778
6824
5338
9735
2825
6465
331
3569
6061
9288
5486
2462
511
6688
8767
1756
3445
5023
8807
2523
8751
7187
766
2995
4997
623
2486
121
6688
9540
9823
386
6375
9449
6502
6194
3806
811
3717
4930
9372
1446
2050
9823
7690
8498
2003
9233
3428
6906
4598
1306
1228
4375
4719
2212
7521
7774
2962
8634
2474
118
7495
8556
6523
2248
132
7377
7660
5755
5688
2193
7446
5812
9191
3423
9100
6080
3256
504
1498
7529
2661
4925
5186
8495
46
2993
9453
8256
7859
7992
412
12
6447
5633
3820
1125
3703
9232
6433
6862
9599
7343
7610
5969
8539
6052
8301
2461
3743
2183
6019
2267
592
6215
8245
2079
9609
6109
4379
6880
208
385
3700
6894
6986
605
9146
1256
6644
4380
9454
181
9489
4132
6616
5593
8695
2466
7824
1669
5597
8218
8134
9348
8838
2601
3915
1180
2663
5964
4640
3060
187
1199
7785
6939
4466
1883
1963
5268
2498
9375
4973
934
20
5630
4227
6533
9426
4347
1352
8814
6493
6940
1061
4830
3399
7427
5177
9463
7646
6265
8588
4140
4050
4675
4718
6831
812
8775
4663
2077
8477
5633
6330
4305
7279
1048
369
6762
7358
4357
3503
5038
8515
6537
8803
7924
6039
6651
1195
4761
778
968
6957
2281
9771
5757
262
2510
4364
6734
4582
8616
7232
5549
9677
7322
1073
4209
4049
500
928
3224
5010
9300
1238
5928
6216
3915
3286
3255
5666
9954
164
8616
1770
1803
5123
1572
4248
8800
1168
6299
5104
370
9057
1747
2297
5750
9562
2771
3125
2152
4331
3315
8405
5410
6619
4092
1388
8347
3442
67
2519
8661
5580
4478
5106
4404
7726
9016
7360
6250
7819
8215
2884
8808
8891
4692
8483
4497
7383
3580
2798
2340
2643
2061
128
9538
3815
8151
4950
4717
1957
4198
7519
2900
50
2716
8975
7973
9095
6476
892
546
6292
2441
647
3085
5100
1214
8481
9672
2535
2684
6908
2397
7918
4775
2574
6235
3600
8961
1855
162
6489
1145
4006
6277
1084
1714
8288
5072
2735
2475
9118
4087
2898
829
883
6423
7983
3854
8192
4404
4292
5285
1123
5955
1990
357
9559
3119
320
6921
1127
7886
2822
9737
3659
2216
7404
1682
6024
8240
4804
6374
5659
1535
5611
1643
4107
5151
5227
4658
7667
8323
4708
1787
1474
6830
2188
369
9236
3440
2066
9908
1774
8770
9755
8251
428
4370
8011
4934
4978
9535
2613
1980
6922
6787
4861
6058
9635
152
5888
6241
7406
2421
9369
8019
6233
3362
2595
8839
5215
4356
8730
2649
3713
1515
9652
8587
607
2308
1028
1022
3574
6045
3783
6161
138
8614
7537
8300
6950
7793
9574
6062
6843
4358
7632
5911
4350
9498
411
9635
6271
1735
2161
4251
6374
5903
8680
2459
2078
6167
39
5481
6415
1066
2633
6555
3519
7697
9833
6392
5570
6017
9930
9531
8917
5492
4012
889
3421
8099
9623
7546
9093
1072
990
4537
1703
1142
9088
5832
6622
4470
7915
443
948
2618
585
8743
5792
5482
7169
4722
5624
4870
5603
5110
1761
7396
9825
8489
2554
3238
7913
8800
1838
6859
2074
5403
6882
6767
2515
8836
8476
970
7905
8831
269
4080
6304
9004
196
4406
940
1879
7969
2763
9184
6598
4896
4612
4508
885
8575
7852
5627
61
9648
2843
6799
3295
4014
806
4151
5415
4296
89
8139
4631
7675
6395
4134
5923
1165
7663
3626
3398
5089
5665
7772
1814
774
1970
5487
4419
8418
3405
1513
799
4445
2732
1991
7496
6448
4355
8021
1084
717
7535
4931
1138
801
2360
2826
7485
9879
1729
369
2533
2896
3831
5095
9782
9484
9802
236
4074
9268
8173
3100
6578
8157
3911
3239
9355
7250
9085
5861
1425
2169
259
2782
3402
7491
6725
6226
2327
8529
3962
8015
2990
9000
4941
4103
7927
7983
7352
8848
6607
8376
4186
5411
3409
3012
6323
9499
7989
7034
6024
6067
8973
3197
1884
5042
4879
8945
9774
22
9751
8603
1976
8101
6680
41
8917
4170
1163
404
7977
3158
2125
5953
2391
3155
9448
7584
2122
2036
3237
277
570
8437
2052
405
2254
6289
4660
7192
6545
1105
2538
8970
5078
4605
5025
768
9939
119
4914
877
8532
6268
6819
8175
8205
4334
5269
805
1389
9245
1911
4941
269
925
5176
6540
6135
8556
4811
1073
7400
4807
1331
7056
6668
1155
2069
4991
5979
6632
8566
6168
895
228
6837
5813
8165
5435
3610
9733
4943
610
4482
1594
2422
712
8074
1644
1909
7013
7304
5593
5990
653
2091
3425
6660
6096
6588
7804
5137
1605
2791
308
8526
3484
9945
8014
8900
2877
4207
6928
8096
9108
616
4884
7534
1983
5011
9262
349
7802
2316
3380
2747
261
4581
5274
8756
6687
2085
9730
6590
5444
8241
9991
34
3668
8726
3574
9662
2112
1969
5250
362
4355
3147
7816
6505
7879
3603
2942
5095
5820
9710
5969
6657
8484
7381
6999
9799
8333
5291
632
9299
2149
3780
1675
6903
5804
3087
6036
6144
4919
294
4133
2934
3737
2287
6275
5805
8991
5391
5062
1344
2468
8898
650
1509
7334
6888
9813
755
4233
3765
4253
8528
7137
2773
1937
5498
7462
43
1411
9180
1003
2551
287
8891
6261
6295
1679
4126
3371
8854
6109
5213
212
1279
9863
9512
9145
1157
2937
2627
7632
5623
5649
6375
8420
4397
335
7655
3972
705
7544
5646
3897
4586
941
969
8200
1158
6943
4374
2710
4430
9756
3080
8433
2877
6497
2780
3870
5660
4221
7110
92
1787
6019
5422
3916
8896
1577
6473
7474
1481
7781
2435
94
7312
2151
8481
1477
8280
9726
1139
9139
9196
3604
7521
686
6855
9751
4767
2286
2347
5904
7570
9226
3142
4541
284
6138
5634
7881
945
7002
7102
8150
6493
6153
9548
7090
1943
6694
7423
2985
5180
8452
6064
9636
2043
9901
1810
6769
8765
6145
5043
559
3701
4790
8908
9567
1250
1020
3735
2116
3386
5966
5248
1537
6532
8300
1292
2723
1513
5915
355
5270
5211
2849
3811
9670
4473
9722
9166
3826
2847
2209
4396
8486
8283
8633
5606
4424
3282
1720
1366
9993
7563
9397
1158
3949
31
9676
3
2876
1413
2860
9469
1038
133
2978
3170
670
8713
8532
1687
9208
801
6636
2958
6889
2357
3291
4618
1461
3078
9396
4249
8830
9706
9553
2845
6196
3129
7947
266
466
4275
8321
5159
2154
3733
3690
7738
5011
8132
5225
785
3226
8254
9893
5520
5778
7724
6902
3186
1798
9583
132
7086
148
5798
587
1158
9229
3717
9958
4802
3349
6324
5953
1441
8182
9029
2892
2319
9634
1677
7131
598
7092
9909
421
4931
2213
5433
8265
1079
4156
6143
992
220
8537
7551
6953
3192
5451
1579
2322
667
9608
8876
4018
4398
2218
1696
9101
8457
2204
7366
9561
1277
8233
1867
6452
3139
123
1968
1299
5341
4591
5607
9423
7502
8844
5790
7001
2227
4801
810
4645
117
4716
8966
4726
1324
8982
6461
2766
5807
1472
1441
5384
2647
4076
1947
4632
7246
6382
904
4781
2309
7206
7513
9350
9896
129
7175
707
7084
8148
6833
4817
1467
4696
3660
2557
8795
4556
2222
4135
2432
7869
8275
9617
8111
9009
4438
6548
9127
8824
5936
9933
1520
8543
3815
9702
4613
7025
6656
5583
2998
4547
8344
9869
4382
4941
5756
1504
1674
7956
3453
2072
3514
8094
5467
1069
2416
5827
8008
1612
2486
7813
8889
9085
1475
7462
4193
282
7372
4598
8517
7560
6341
6988
7860
7415
3318
2452
7011
4274
7506
6458
6257
8408
4823
6124
2480
7477
885
621
2471
988
5960
8311
8705
5835
5833
4789
3973
5040
6947
769
6245
8673
8136
5466
8974
8230
3620
2960
4852
5375
4915
4287
5461
7133
1002
2342
3654
3975
8083
5986
6426
6384
1493
8663
8989
8478
5305
1957
7132
3353
8287
2427
426
4371
9136
2696
443
5590
8147
9889
5210
5015
3077
3613
5560
9508
5035
6848
5674
3426
7946
8173
523
8822
5528
2811
5761
2609
9509
4120
6059
748
9938
2729
2519
6559
4065
3283
7532
6643
8558
8142
7883
1933
8585
5000
9679
1489
8456
1661
5866
5638
5475
4143
6008
9054
231
3753
4568
1916
9763
3613
9212
9540
7903
382
7057
2798
327
4533
5020
9678
7042
6146
8881
12
5848
9917
7813
5781
2274
925
8044
8918
5933
9280
637
6781
9058
3215
6580
7447
4129
2404
1934
6292
4542
7530
6806
3087
5596
4653
2188
9171
1815
6463
9436
6843
8542
3131
5040
6506
874
3797
1548
3487
8497
8636
9808
643
1952
6597
7477
2334
7137
7623
8612
2452
3228
8209
2505
2421
427
2227
8799
1393
5808
7695
7326
8286
3824
5358
6209
9238
1909
3930
5614
8443
8292
8721
181
3094
2661
3453
5457
7043
5367
5490
9316
148
2742
3895
7045
6806
3879
5155
8476
761
1253
7360
6700
5386
1452
3930
8166
3322
2190
4203
7223
7190
3547
2538
1321
47
9200
2935
4794
9945
6305
400
5232
1284
5498
2109
8869
6638
917
138
1220
637
5884
7724
3136
1334
6928
4413
2711
1603
65
2722
8851
6415
7475
2200
5220
7047
4960
2879
2080
2751
8202
1917
2199
1714
4329
2125
1979
6385
2179
9742
6201
854
1164
1129
3617
1572
590
4410
1189
8133
9081
987
5629
3260
9651
2264
7786
7856
5929
5509
8607
6155
620
3368
1637
4680
7660
3385
3175
4450
8454
9535
2268
1837
2120
952
7132
1221
6606
6725
1230
884
8504
2774
5578
928
4682
1633
2606
5342
9328
4872
6613
1944
5203
7535
687
3739
8134
6735
7865
8349
7184
4761
9986
2530
279
7585
9713
9165
895
6941
3245
4304
2789
3847
1547
2342
3694
6866
204
8277
6596
4059
3702
1125
8892
1897
2247
9506
5160
4677
7667
7066
9369
2631
2245
6801
4935
7299
3868
3399
1282
797
6430
6635
6277
5427
2606
1345
7347
9199
4792
3783
4242
2883
8766
5356
2272
6195
6271
8385
9573
909
7494
4130
613
4562
9076
1833
4558
2537
2546
981
3991
9625
4047
7547
7054
7555
7735
3968
200
9521
3487
4587
7422
1328
9442
6367
1205
2297
431
3327
7371
7271
2509
6341
5458
7640
4790
5243
4459
4275
6068
7405
2886
6274
2167
7896
1362
7281
6722
460
7731
4468
8774
2612
7078
5838
7200
1090
1381
4817
8219
2906
2003
6310
5929
7817
9489
6849
8939
7639
7081
1848
3563
2418
7293
8107
1482
7019
3718
9522
4098
4231
1394
9771
8192
96
238
8567
9178
1770
5272
9139
3523
5903
871
2792
1617
8865
6025
6798
1665
5308
6451
3967
5811
7551
9044
6661
1530
7230
8763
9685
1152
7501
4487
1658
151
7687
6394
6532
4145
8160
4699
8934
2213
6557
9409
7153
8623
2193
8198
4800
8995
6694
2457
4069
928
997
3443
6653
9848
8734
3623
7535
5847
6274
3058
2084
7088
8139
9066
5247
9790
2652
6030
5999
5180
9035
8069
5249
851
3627
7995
6489
8378
9005
733
7465
9526
2972
3687
1877
7964
1725
8062
1900
5379
8884
3245
7514
9351
468
6562
5307
8115
1468
9508
9262
3215
8156
4036
9366
2539
4600
5966
5668
6091
248
2543
6700
8782
1003
2124
1526
1338
6704
7242
5662
5719
218
8131
9391
7035
5705
1451
76
3508
4694
7207
8581
7659
6425
8517
1657
8702
1901
8095
7460
6923
1919
5009
155
7331
2858
4342
1080
875
104
4363
6859
3508
4267
2002
2895
7593
5326
8859
8429
6840
7130
7926
9831
6838
6610
6176
779
7049
2245
9348
946
8634
8031
8603
2688
5813
9015
8126
5082
586
5917
8195
9042
7173
3298
9944
4022
5980
3270
5604
3167
6107
9789
5392
20
1191
7168
4277
148
1783
2895
688
2332
3035
5761
207
4088
4225
279
487
3955
930
9139
1099
3714
2024
6335
4655
6244
796
369
2466
2599
9659
6556
2
304
8711
7774
2697
3787
2349
7774
6188
1870
9702
9345
47
1502
3393
5245
7109
6611
7503
2329
8707
3945
8971
2704
5223
8803
7269
1887
3165
5135
9983
3106
4997
3485
7853
776
8492
6514
4504
49
451
6593
2845
5862
5805
676
1998
6002
4507
7169
5973
7229
356
3417
5905
7880
1841
2005
7022
7469
3644
9966
7416
4074
3867
3321
2559
2986
7207
8845
42
315
816
139
2924
8955
2552
1796
434
1178
7363
3123
6951
7889
852
1418
6892
4219
3713
4699
4944
8970
7089
32
7825
7412
2254
388
1816
4226
664
6420
5004
8968
2628
1108
1768
8364
7345
2467
3186
3866
7631
8036
4201
4634
7706
9707
359
5461
7827
648
1800
6016
1666
9444
7949
4726
8128
6115
395
8394
6191
7850
6579
4548
729
8510
3736
8361
7035
8999
4649
4062
8937
2067
6273
8132
5109
2685
8361
8887
3853
8124
2658
6916
2306
2074
6827
7557
5968
3309
7490
4977
5838
8661
2569
6150
5299
9449
4958
485
3870
8454
5630
6595
6092
9144
5095
2930
2850
7776
8219
6375
5755
8655
3869
7462
2761
9559
4762
9231
7810
3272
2138
3959
6037
5244
5259
8375
2328
3304
2806
634
6711
3167
6871
613
2874
4777
9686
4644
4466
7416
2632
8104
6215
2201
4107
7294
119
881
765
9146
539
4836
1892
5111
2509
5307
7363
6845
8582
3240
6721
2848
2807
3638
2446
2350
180
7052
2849
6711
7428
1903
6583
8194
8128
763
8508
4142
3272
541
6609
656
9709
1949
6185
8870
3364
1122
6308
5891
5010
1515
5386
5730
2556
6037
6642
2589
2949
3203
2905
2008
9912
4779
4057
4061
1086
1299
1094
3178
6804
4554
9349
5036
383
8138
4760
4758
9840
672
294
3191
1634
6991
1788
9719
8555
7105
959
1854
2596
6848
9941
2126
4214
3173
8452
9185
1389
2514
2066
1334
4799
1398
8017
9010
2201
7903
8106
8030
2694
5483
8917
3595
8644
5640
7201
8806
3559
3038
2073
3766
4340
6508
7307
8720
3681
8587
1133
9456
4137
3582
8222
2531
9444
997
4104
8154
4068
6341
1336
4275
4876
8847
9326
2816
9343
8828
3538
9486
5532
1060
3319
2295
1246
1591
8226
3791
1270
1430
2395
8333
9400
3494
4785
8954
8499
1069
2253
8319
7989
2034
5282
2307
8289
6062
3565
3650
8226
7895
6897
8379
7766
6146
7561
9387
4589
4084
2902
6501
7807
1321
8854
124
2963
1062
6381
3925
8441
6091
1419
5362
572
1170
4820
152
6466
8212
3120
1049
3429
810
9843
6179
7676
664
4052
3488
469
7690
6461
6309
9565
7587
1650
6074
6111
2632
192
5557
9483
6976
3111
8973
5585
9529
7621
9056
8052
9417
1041
4853
9443
8324
2058
7598
48
4927
3322
584
803
6314
6047
3565
166
5839
2794
6491
5390
5631
9111
715
7909
6627
7673
8087
6144
7399
9188
6291
6159
2950
4765
3930
1439
5547
9794
3891
7397
8764
9315
7952
367
3710
5402
8180
7028
4109
2321
4696
7367
590
5891
5855
5040
2619
5249
5346
8097
4482
4672
8678
6925
5795
6070
9426
3049
3830
3689
3386
7272
7750
6264
3425
5862
6073
7755
1082
4550
223
4078
3164
2209
3911
723
4400
4280
480
4533
399
3069
2036
4135
5650
3064
906
480
2662
2810
2406
8152
1875
3991
1093
8782
7690
6780
7120
662
7676
4591
8089
2106
2672
583
5895
3918
1880
1882
3056
5738
6861
5866
2032
4412
2302
8357
6440
9313
1833
4993
1655
3128
4666
9667
7823
4517
4105
9126
2105
3137
7307
8804
1413
2934
1168
497
9267
2493
2821
5058
7970
5032
8882
7372
5315
8321
6386
9140
5318
928
157
5417
4817
6611
3180
1830
3085
203
2550
3548
9017
9284
9180
5607
8882
2181
2502
3018
8957
9012
4040
9543
996
7892
8888
9176
2038
4024
9544
3778
1263
4435
6744
1914
8512
5820
1818
3686
5032
8461
1780
5151
9954
1975
5258
6718
9055
9508
5984
1289
8995
3317
1570
5556
4484
119
5226
3383
3435
9546
2072
5232
9890
950
6575
8809
2113
3719
5127
5506
1681
7889
5874
4929
5435
7806
7760
3640
8790
7216
2774
9543
4586
2282
6556
5136
1871
7357
2286
7959
9637
5887
104
9917
7242
1684
6651
1244
3017
9023
8677
9070
5371
9852
5620
404
7400
9767
8914
6489
7650
6048
9953
4450
6950
7609
7921
6640
8932
4153
9171
7356
9910
5979
9634
5313
6655
8320
2088
6286
5547
6053
978
123
2630
4077
725
3439
7767
2069
4032
5599
9651
8682
1646
2172
7753
6556
6197
6145
3900
4471
654
431
5887
3220
8574
7307
4929
9298
1587
2344
3304
7808
1435
7134
1644
8614
5368
7596
5230
366
6328
864
4903
8516
6877
4691
6849
5116
3842
5061
8287
1330
7293
770
6447
2583
488
4219
6175
9074
6170
8595
7408
3399
491
4275
4379
4954
9955
4772
7541
4498
7551
5810
7307
9979
873
668
7880
8737
4763
6114
3996
195
9005
2079
6818
55
8223
4147
396
5661
7169
7254
4255
6672
5875
3440
2672
8134
2145
9458
6026
8567
4163
6196
6211
1220
3415
6866
9575
7814
680
9840
1974
2816
5992
3932
56
3885
4508
9436
9049
1037
3772
7706
7993
307
6034
730
9533
9595
8669
5205
6511
3514
2925
1833
4166
477
1320
589
4425
8605
6061
2344
4663
5401
6377
7144
9945
5515
2587
1858
398
2954
9540
3856
4385
8490
2317
743
6228
6964
1632
5413
1695
8927
7660
6818
8853
5996
5096
9440
3653
2533
3720
882
1980
6628
8129
3759
555
7662
883
3810
7339
6448
600
7034
2859
5310
1323
9854
5446
6384
8120
4817
5568
862
9637
3417
3427
7830
5864
5683
7123
1841
2669
74
7343
2251
6238
2109
7996
4351
2288
3500
2013
4836
3637
4915
8528
4434
6937
581
7289
7910
1141
4887
7556
3489
8529
9436
5457
9488
1018
5919
3387
8639
1504
6085
6814
7453
2086
8169
7302
935
9933
227
261
7580
3491
8634
5191
4755
1459
4570
9539
9647
9921
6417
3309
7582
6376
7084
5023
6151
967
7035
4755
5087
2121
7974
6118
1671
690
4437
4536
8877
9754
5068
4842
5022
6733
9080
2282
8714
2580
5141
5655
64
4281
2663
8028
2642
1442
5008
6029
3147
6387
413
1175
3949
3764
2906
8960
5843
9856
6539
5404
1391
6172
3363
4751
6827
6171
6810
5678
243
9356
9172
666
5082
2920
4496
7517
74
333
8492
1368
8651
961
3998
1922
1613
4139
5450
9267
3905
2842
4632
1018
7705
9178
8260
9077
7621
9737
6720
9531
1401
6200
6284
8418
3546
959
725
1977
2576
1807
2301
9966
4560
3431
5576
1820
7448
5593
3898
999
727
290
5520
3740
1806
6990
7606
5525
2860
9470
1381
3336
6169
6399
7624
7426
7752
6044
363
3952
2464
6648
6363
9590
1159
3787
1012
1609
5116
342
2617
2880
6174
7468
2537
760
2110
5766
4764
6205
3802
7072
5907
399
2186
411
939
9520
4728
4015
2814
732
5186
2996
5282
4778
1887
3159
8795
4051
9150
4466
8046
6021
2842
5642
3170
6248
3995
3920
6453
5274
4776
7793
6788
1152
6984
821
7436
9925
9499
361
8318
5725
5215
1518
5087
3128
1697
3841
9016
9487
3940
3392
6473
3544
3125
2194
9438
8544
7518
3933
6343
1426
3989
3435
2311
3674
2351
9973
4813
3240
2710
6893
6225
9104
4789
6390
9310
3512
5837
2090
1076
6360
2795
5730
8612
2783
6423
2323
6514
5433
4622
8080
8211
2879
3358
7614
2625
2654
7465
6594
8547
804
974
8843
8317
923
9812
9739
7228
2317
7745
7346
4759
4016
7500
6246
7685
4678
3318
7327
6274
5528
5848
3270
5893
6354
153
4590
3556
1791
7829
8668
1470
5191
4286
4708
5135
6542
7374
1886
285
5684
2267
4709
8442
2633
2218
1948
8566
3247
4603
267
4540
3166
2270
6794
3556
1384
5786
9317
8368
5234
6068
1621
2207
2986
3767
9344
418
1462
7014
2210
5613
8366
7166
5695
5417
708
4604
7286
3040
6185
820
5541
1302
1374
3372
341
7818
8252
4803
6641
4453
2044
4719
4451
7718
2657
9518
551
7100
5509
5738
7554
5013
8572
8261
8782
386
7351
9775
1660
7577
7193
3378
1354
3395
8097
9247
7225
3950
6454
5583
308
8800
3835
4286
1045
8407
7373
9333
8587
2916
152
2309
4144
6340
8008
2463
9709
7686
1007
7155
3544
3913
9481
1015
4605
4470
2381
4471
570
8913
9578
8676
3349
9734
6554
7140
235
5831
4207
721
8722
7495
3208
8857
1810
8114
3561
2649
9600
587
4712
8644
7574
9387
8424
7988
5194
196
5449
3958
6967
349
7023
5722
7800
4568
5002
7364
2674
5802
7775
5925
4114
328
4741
9916
4220
1034
5690
688
1524
2572
4528
4923
9247
8
4575
7937
648
5558
6405
200
2277
6130
1791
3507
7353
5951
2999
4528
9513
4209
1702
4009
5077
8835
7986
5272
9595
1092
8608
4343
9640
7101
5168
2640
5384
5752
2487
1983
5996
1016
760
6147
2469
5152
7483
8024
1690
3290
668
2382
3545
1168
3201
4057
433
6520
3519
1630
6046
6653
1555
6965
6820
2207
7100
3241
9365
8959
8449
6432
9135
6451
2807
8624
7766
941
8882
1866
1879
3052
3034
7920
9652
2821
6242
1966
2204
3734
6767
2968
4553
7282
3561
3917
3314
3723
9314
8736
2671
6572
8385
5020
8082
1441
7201
9032
3490
8794
6027
4695
2676
797
8028
4169
9079
7438
7624
4224
6439
8522
9701
9161
3776
3626
3498
9462
9042
7219
5827
8420
1665
7253
5582
7958
468
1661
80
938
3544
2315
3020
279
7154
9886
7155
8537
3781
5521
8410
6531
4370
4132
6238
7906
6235
1699
7809
2310
5207
2033
7951
7017
2066
6034
5257
2695
6807
5325
9598
8428
7002
207
5132
2046
8668
1218
669
2401
7129
8742
3247
45
9503
8350
7031
4103
6828
8299
2838
2637
6823
6261
1335
8246
2142
6501
3937
2330
7130
2392
1376
186
7770
9651
3462
9903
8491
7766
8336
3035
168
1597
6181
505
5736
452
4061
1273
6008
5261
6515
7584
8555
8437
5683
4113
6974
6193
4033
9551
6872
3183
9021
3617
9960
8536
3529
1286
6412
1979
3190
6637
384
5498
7445
9109
3161
6863
8088
9713
3500
625
1972
9404
9895
6820
7583
2818
8386
464
3702
3858
4716
2633
2696
7100
4874
4692
7508
537
7816
5597
5787
4932
16
6592
9686
4670
1719
1990
3669
2989
8798
4777
9193
8825
9233
2745
2306
175
731
9517
5624
8691
4719
7992
6293
7676
9421
740
3641
7682
7437
7405
5771
5266
6630
7526
2759
9987
1636
8543
4986
5215
7209
6768
7495
2785
6343
4420
1093
3350
6106
2268
2635
1567
5810
985
8510
4544
3777
8299
4335
4752
7478
9007
4535
9644
4413
3179
2485
907
9549
2363
9983
5683
4976
3553
6808
1891
6666
9519
3778
9222
1976
4949
9934
2717
7821
4693
8663
4528
4859
7990
4888
5117
9972
9214
8989
3466
7664
5932
3100
9817
379
2133
2412
1163
8712
147
4543
2523
3549
6824
1572
4887
2676
2891
4223
5661
926
6575
5075
3936
4392
5570
2945
3505
9288
8094
7097
5078
8385
4713
584
2038
7098
230
8351
8464
9774
4281
3188
3297
7770
7345
9731
6758
5061
1743
7010
6631
9313
8369
7688
5281
2837
6949
1068
9714
246
8180
2808
6272
6082
3950
1534
530
2376
5584
2782
6006
1440
871
7771
7760
9454
2482
3218
2860
5161
3853
3331
6889
6234
8616
4314
4476
5345
9296
6381
8265
6057
9904
9879
9066
8024
9426
3805
5884
6922
3634
8340
8053
9669
2438
9035
984
97
4783
6624
2390
1472
7805
2866
8318
5946
61
8773
2311
1430
9217
529
4754
8662
9320
1090
2357
4440
1509
7149
2657
1054
3430
7014
4421
1518
3944
9695
3220
1689
5623
7965
334
1426
8802
8746
4049
43
1986
9210
6496
8353
7596
1351
7548
5912
3388
7915
6974
5335
6482
7773
9234
8534
3499
9162
664
8863
5136
4275
6743
412
9760
4755
9963
9735
4455
8598
2007
1859
7069
3412
1365
4015
6745
4679
4836
7560
3313
7036
6076
8670
4057
5751
7791
4001
2747
3491
2259
4501
8829
137
6536
418
8503
8427
6768
3370
7108
2968
2341
7856
1204
3429
356
3675
3699
5282
5200
2736
6311
891
7331
1286
1886
4134
5209
9022
199
5327
186
2043
5266
8009
4998
8058
1948
5937
2290
8908
12
4146
9542
9583
3142
4748
7407
4846
360
1542
3301
2381
9459
7167
2398
5610
2459
3886
5481
5789
7574
4498
2663
9955
6770
742
5010
8402
9874
4914
9409
6094
3532
875
8220
962
2395
1888
889
1067
3402
2925
1382
7343
9874
4336
9768
1098
8697
5794
5006
2502
9490
3046
7302
9183
1708
108
4942
962
9130
7155
2351
6312
4647
6478
772
4891
9449
2201
5400
4165
367
9703
3534
2470
8257
5176
1098
9810
2703
632
7898
4408
7225
5939
848
2242
1449
7663
4381
980
3933
7569
795
2011
625
8673
6578
2954
402
3233
8365
4817
3699
668
8834
5201
3105
8339
9501
7493
9311
2608
8728
4997
77
4945
6272
2924
5816
4267
9025
9147
6082
2744
1792
1815
7946
5719
268
5973
9537
767
7169
7764
4122
4546
9870
155
4016
7201
6609
7003
6232
3647
7405
6629
1913
7246
1769
4576
8867
1603
5223
5878
9173
1633
3340
5704
4583
3884
7789
5849
9962
7743
1432
9138
245
6318
4223
9528
3594
1705
8731
2220
7294
3654
3685
1431
9381
9433
8922
5461
5082
300
5413
8130
1739
8110
7395
8377
1647
9932
4875
5672
7821
9548
5765
7814
172
1642
6968
7831
5246
324
6238
9567
5760
8298
2376
5515
4011
6269
2749
5223
1624
5049
9721
9035
5551
5937
6852
8720
5747
337
3854
1906
4117
7092
7963
3625
4884
5977
6088
5689
4938
3283
2786
2422
8653
3110
3715
2897
1180
6378
4591
962
2501
9782
3786
5113
9768
6388
8852
791
9917
2145
77
2752
350
9750
3536
9386
6846
2157
5778
4513
1079
2863
2200
7910
3454
3507
2753
6528
3602
2008
8694
9431
4946
2351
5797
8547
6864
7888
5772
9606
8120
7636
6540
3246
1268
6973
8875
5075
9027
476
1767
5831
5263
5066
1952
5511
7326
180
9477
632
5954
9147
7042
7396
4833
1867
197
6462
4882
920
7713
4353
4408
467
9604
3384
3748
3110
3566
9559
6189
2838
9055
9847
537
1819
1798
1943
4105
6012
149
7883
1547
7947
8143
6444
2252
6867
1123
3751
1311
6613
6124
3536
3561
542
9544
1188
2004
2291
1554
7392
5721
5639
9502
8855
2465
1434
6126
3304
8623
3195
9474
3206
7741
8315
8305
8978
3255
4314
1569
5
5430
8982
4231
4024
6679
865
8157
431
6964
3019
9543
1704
3237
6424
2355
5252
1710
7407
145
6585
9957
9427
9105
4993
8663
978
4201
2791
7025
8380
5200
8597
5044
3377
8540
4930
5457
9335
3345
469
551
2064
4556
1497
6495
9397
6871
5631
7340
7683
611
1543
2692
1732
7715
634
4105
4535
839
8850
5345
9153
8887
3457
541
3224
2232
8280
3004
7532
120
9683
4767
7726
8020
1521
3710
8184
7060
9507
6109
7734
1075
282
3641
9763
7840
4544
3934
2918
1456
5252
2949
7065
1358
2461
4758
2880
2407
1357
4777
4955
1767
5418
2130
7291
5873
1148
5493
1453
1749
472
312
2619
8629
9834
6372
9514
8178
2924
8513
2494
2320
5300
886
3004
4641
7722
7416
9393
3808
8106
7588
1931
5385
7518
8237
7318
5334
8097
6024
924
7758
8535
2535
752
8829
8034
4910
8448
371
139
7538
7589
3170
3699
516
5575
948
2415
2327
90
7936
7743
7812
3463
621
2176
1330
3051
6743
1584
2572
2135
3654
593
2555
4190
8073
3471
4553
2202
6523
2182
2034
3163
3589
3980
7803
9042
4757
6580
7219
7428
4016
6311
3254
2952
1235
3283
5881
5401
5108
928
2741
780
6144
6996
3452
7930
41
4348
5582
7972
4455
4210
4810
5386
5653
4007
7607
4965
2236
7135
9236
3986
3688
1670
2063
9721
3477
2692
6298
5411
8948
2871
7109
3657
6280
8278
2633
80
3275
7802
1481
6799
8440
2367
8968
8671
5388
6966
2715
5403
5244
1162
6826
2411
1366
6474
5498
3064
8681
3532
6343
8049
2892
9899
7729
3356
5802
7059
4684
930
7145
8116
5223
4154
6502
1167
3234
8485
2743
941
3722
891
2591
5361
7531
1328
476
1448
3730
9474
1595
2872
6879
1894
9120
2227
7285
2798
7319
3303
7440
4134
270
470
1318
5225
9657
4833
8961
3300
4588
4633
7408
7443
2387
2661
7703
2748
8559
3812
1006
9102
2569
6963
8358
7937
1736
6214
7244
1764
9474
7680
1060
5398
9575
2523
5707
3295
9045
943
9365
5640
1398
5019
2860
1970
7369
7262
1300
2251
4997
8699
601
8788
2594
9983
9779
6522
8343
8914
9557
1139
7520
6685
2100
3156
562
4735
119
9864
8548
3585
4354
3027
1591
6336
5337
529
6987
6932
103
9698
7939
5261
1121
8274
6655
3520
1222
1605
1921
500
461
4236
6472
2872
2428
419
1641
1220
5373
4446
5577
5573
852
8801
1660
5583
4708
3101
4404
5554
1717
2502
7119
5795
8285
2428
6490
1653
6147
4266
3655
2445
6142
8142
9131
6275
4213
1252
1842
8644
7953
9503
9052
5923
4398
38
5039
2254
5392
2254
7611
2596
6696
2744
1136
5649
556
5321
7439
4080
8246
8367
6228
3771
552
1540
7992
3363
1321
8220
8911
6370
2015
4785
7925
3689
3131
9548
1224
2433
2215
9412
1547
1844
3066
6365
1096
2343
2065
8194
2683
1014
1006
9887
4184
2620
239
5944
8398
1940
6757
6680
5928
6795
8677
7572
8637
6247
8404
7402
3527
1084
3812
6003
5973
9181
2250
8006
1471
9504
1678
2481
4664
9482
35
9837
3723
3324
6262
1874
8026
1136
7524
5968
9338
815
3797
1963
7034
5101
4254
5885
6907
9635
9560
8412
6408
3165
7780
9456
4260
6094
8457
7757
5435
4286
9498
7647
1939
2536
8051
5829
2010
5526
7737
2591
225
619
2917
6353
6828
8018
854
2677
6953
4932
7951
8814
5427
6461
5030
378
1300
1983
5683
914
723
857
5136
3531
4128
2436
2423
6239
6789
8696
3356
5344
783
6222
2604
2493
2829
9345
9478
3097
6938
6364
6313
3318
8886
1659
5018
1119
9792
3734
7269
8963
4542
8241
3586
5473
558
2746
2104
9520
324
8826
6350
4665
333
7495
5439
5372
2524
1085
7055
2950
7784
8806
9984
2724
5399
7695
5345
6576
6905
2278
3750
766
4422
2081
8926
1999
2065
7214
7283
5832
6168
6726
2612
6625
5525
2110
4830
577
571
9096
8124
395
7027
3471
3902
848
6914
3614
627
8094
7955
8849
3406
2489
758
220
2382
207
4510
7176
3212
3483
3867
3523
1922
2308
4591
5660
483
3171
7448
8097
3200
6526
8036
7290
2746
6989
2633
6129
1
4190
8565
9083
6479
9804
4662
7530
487
331
7006
6364
6287
9240
9243
1865
2574
7013
7875
9476
1955
9134
6624
8781
6828
2016
3083
8278
64
2646
7186
4171
3629
8055
3114
2865
1702
1390
8871
1968
5165
8049
7344
62
7357
2740
495
4689
7290
105
5014
9389
7749
6515
1622
5106
2000
9638
1600
8999
6405
7512
5153
7750
3503
1885
5667
6939
8300
9925
4001
3664
1047
7796
7395
1416
8056
1903
7266
5453
3911
7729
4302
5727
8673
8498
5037
1847
7789
7590
8654
5249
3219
8063
6856
4416
6425
6443
1045
5171
8920
4012
329
8869
7971
7618
8541
8938
5508
886
8248
9332
3711
2381
3473
2824
7821
8094
2341
5276
7859
6970
2878
9484
2143
4153
6376
5508
3491
6847
6655
9687
8425
7664
8898
2651
4635
9066
5480
6370
1934
7163
9299
7725
5664
8662
5072
2302
5484
7891
5542
1144
779
2348
4034
2960
6899
1448
3675
871
4048
9427
4062
9789
366
6263
6683
2142
9824
1904
688
8912
2097
6741
3225
6971
770
7663
409
6249
62
6416
6343
3996
5614
396
3404
6362
8025
8950
3846
7217
4764
2897
2885
4244
3415
5241
3315
1091
1124
7106
1573
7015
5077
732
1541
1355
1307
1794
7733
9152
2913
5147
8800
1364
5023
56
5684
5310
9115
8393
1997
1348
5910
8707
6105
742
3378
1101
1824
1113
1868
9275
5472
5786
5034
5473
9479
4550
477
5703
1633
7070
1818
8440
4845
429
9246
1162
4863
5501
6590
7206
6538
516
3351
827
8164
108
5597
8485
5930
8009
7039
8051
7026
9147
8868
9506
8498
1462
9535
5638
2165
7714
4848
7491
7024
3045
6865
2938
6544
3146
5526
4263
9054
7209
2666
8802
8396
2832
6915
9602
9100
4851
5410
3424
9864
9245
4597
5188
1045
3490
6914
6730
8258
6174
5173
6514
5055
4501
9954
4029
2673
6626
4256
3539
4997
367
4791
784
5351
9177
3885
3842
6338
7160
9876
8810
6740
9167
1454
3446
387
3584
6985
4960
5087
7502
9909
5670
8899
4326
5416
9516
7693
4160
4881
672
3577
5476
2360
525
6257
3874
3201
6761
3816
7770
5694
8270
58
1485
8047
9109
9026
2104
4444
8745
8732
9075
6979
5877
7008
2329
2228
8266
9190
5577
1232
4178
6745
7511
6686
7077
7941
2212
5760
9251
7409
3797
5189
1681
9857
6646
1101
368
5332
7793
8548
1659
6057
6204
2568
878
3187
4677
1591
3215
4125
5340
1127
5134
3393
6264
1542
9889
9197
9722
8210
1326
208
7371
16
4274
7921
121
6864
635
5984
45
1127
7992
25
1433
8142
7942
3226
9433
5773
5351
5755
8609
8963
3702
1138
7792
5438
6479
5391
4823
6416
4415
6572
5013
1384
5546
5325
8283
4948
6974
24
3867
5567
2978
6120
865
2135
8439
7960
3010
7020
5244
8800
5626
5495
8022
6371
1589
3599
8556
3155
8564
3530
2370
6298
7658
7029
8371
7550
7987
4155
1893
108
5547
2383
5094
8745
62
929
604
7499
3047
6323
854
5200
6488
5107
7030
4848
8126
999
6736
3303
807
1691
7256
9236
4131
8705
4431
3093
3563
5153
2479
1760
5320
7939
8478
7307
8618
5430
4267
5364
484
1297
3490
3071
3708
2411
9415
2408
5799
9150
2823
3048
9575
6521
1268
2029
7338
600
6992
630
2137
3075
4287
5468
3057
2596
449
7799
5746
7736
6948
6171
3927
8833
9043
2873
9274
6672
6478
652
4564
4581
7598
1603
8740
1151
8232
9608
7595
4580
9295
8232
4634
9366
9006
9527
8999
7281
3917
9789
1503
3502
8668
2819
2686
3958
8641
7245
1270
762
1928
7319
8569
8283
2488
3590
3810
7361
3263
6897
9520
9248
2446
2334
831
9887
2707
1974
7321
2677
2898
3962
2222
6576
7115
8872
9444
6834
6458
7961
8134
4689
5247
8351
4023
2762
6290
8146
940
4563
4033
8304
7276
9658
3921
6314
6064
5269
2034
9482
1244
992
8360
4372
1034
2058
2397
557
2480
9070
9702
7782
5056
8717
5189
1937
6732
6498
9979
1947
899
3705
542
6636
2172
3265
6112
866
4217
3960
2734
1218
9048
576
1653
6815
5643
1692
7182
3206
3700
2700
5035
3196
9511
4282
6896
5190
586
6411
6572
9900
4555
4513
8450
3787
4575
5759
2708
825
5510
1517
2109
9993
5691
7644
3589
6807
8454
6996
1880
996
1063
9650
3186
2059
723
9654
4672
7503
1725
7686
312
623
5100
9125
6771
614
7807
3609
189
6475
4237
652
2140
8172
3040
9101
7504
9677
280
5427
7915
7776
3194
3234
9576
667
5009
5807
1729
4036
858
6304
3866
4947
5234
8565
7531
2491
8098
8978
8884
1645
6564
1002
626
2851
7810
2699
7024
3645
8368
4813
1718
6262
3568
6749
6519
788
9651
7172
988
4538
8653
848
8074
4385
7965
6233
4658
4938
8001
6882
5490
6192
4920
4802
8184
1753
9042
8355
597
416
310
8643
9758
7197
9099
7527
8655
911
99
9965
8269
8301
205
5659
9613
8908
2969
9988
5473
9765
5697
1273
1035
2152
9012
6581
8235
204
6815
8359
3640
7632
7897
3599
4368
1890
1141
6833
5083
5135
2112
9033
7748
6533
2928
263
7419
9449
6644
1552
3674
4055
3357
6367
664
7387
6844
24
3803
1479
1967
7268
4056
2390
624
6334
9446
2024
3477
9611
9631
2186
3628
4776
2348
1045
9115
1827
4142
5231
8235
4216
6749
9843
2710
5463
6130
2385
8655
2628
3528
9218
5047
9214
6064
6949
7303
1534
407
4987
2717
7804
6324
8292
2449
8188
8581
9409
9951
7403
6153
1594
6736
4961
7279
5232
7993
2144
5958
1556
7988
2869
6532
8569
1572
9120
1964
6441
387
3358
1009
3348
2698
5312
3408
8581
3474
544
1529
804
6696
9482
7312
915
8129
2399
667
9647
5542
2301
6016
1276
5560
4429
372
6266
1939
9615
3155
7261
1603
6941
7852
9705
8751
2423
1765
8946
9479
2603
5127
3308
154
6413
337
6394
7644
8145
296
8347
348
8909
6703
7167
4469
1590
3692
8989
7887
5737
1368
3012
6044
2853
3313
4439
4866
481
8468
1697
5641
4259
8050
4204
7121
4000
2639
7868
9216
6841
7087
6344
9174
5828
9905
278
8734
1801
5232
7814
3461
2911
7628
2863
2014
9548
362
485
9742
2512
8696
6228
8749
1866
8231
2634
2523
4130
8008
6766
2181
462
6243
3050
7863
2155
6669
9604
4645
6800
3105
1991
76
8247
1667
8175
1422
1077
9970
6461
3721
4500
9567
5100
250
3952
2216
2323
3768
6602
1856
3532
3851
9071
5290
1332
3878
4784
2726
6161
496
9334
4409
7460
9998
6218
9914
9898
3921
8651
1060
5272
9740
2186
9204
6520
1759
85
2476
938
6591
4172
5784
7351
1880
4346
8770
2189
3304
6504
1376
9088
1272
8863
1977
7973
4028
248
2390
846
6990
9339
7828
9651
3551
3697
5315
3052
5274
7128
6862
7134
6130
8675
7083
7215
501
4957
7658
4727
8685
3769
8827
2050
4904
7761
7010
4011
2688
1190
5928
2076
9039
2538
1257
1046
1294
6323
972
7442
9726
2123
7902
1125
6051
9995
6902
1046
3598
2332
1480
1003
482
5176
8039
601
769
8082
840
138
9502
3295
650
6735
2159
1006
8496
6227
6082
6231
8103
1286
928
4018
4369
1109
9167
3067
6763
4895
6675
103
4532
9294
2172
9785
4868
9338
9566
945
8854
9798
9483
4524
2231
5596
1377
7842
4119
6092
242
7094
8065
8313
1095
6901
5969
5820
2002
6640
6388
2917
9603
1484
8605
6908
4802
5734
4587
1159
5806
4016
8496
4459
4224
966
383
4745
7228
7174
7752
10000
4707
2142
1363
144
8065
6600
1213
1925
6525
6319
3076
9974
8594
7483
2147
2318
3363
4738
4494
6787
9742
2255
7426
2803
3665
3981
1327
5956
2970
3811
249
3902
3406
7125
4583
571
1859
8711
8575
7296
9579
674
2732
4817
4296
5530
3845
845
1855
188
6120
6988
6638
2785
3588
1732
3738
5933
2558
429
3358
3358
4397
7243
5847
4696
8505
1588
8381
9944
8544
419
3683
9791
5001
2397
9788
4349
9692
1797
3944
5376
9529
7921
9924
4078
3311
9390
9299
6211
5641
175
5375
9050
3931
2223
2162
2233
3684
1797
7825
3443
8766
1692
8821
2078
3902
1532
8177
8427
4901
6430
7413
5235
7869
5889
9812
5710
9538
6368
3416
1363
4402
1580
3260
6919
8800
5043
5000
1998
7522
1678
9980
1237
3428
4046
8451
5474
9699
3997
3848
3324
5604
7270
6699
4528
2667
5915
4343
9971
5903
5235
732
1716
2986
1153
8854
1800
3880
1052
6066
8129
245
1917
8737
1159
1479
5400
401
4041
1369
6218
3086
4010
4564
5199
1181
4467
3813
7505
1680
30
2580
7784
8658
3589
3573
6583
738
1395
3029
66
593
5112
5092
3050
9348
1296
9025
2564
8917
4497
1241
1280
1101
3483
8155
7156
9197
5836
6368
6149
8354
3406
2589
6896
6479
7175
9286
5750
764
6245
3962
3728
5604
909
7472
5000
9324
7670
2277
9723
9104
7149
4846
1502
7183
6118
9113
8498
930
2193
4461
1928
3762
793
4702
6217
6279
237
1302
4684
4034
1059
7448
1025
7741
6259
4303
6473
5692
7502
6673
3501
8337
3683
4918
890
9237
9046
9507
990
19
373
2700
1179
626
8409
5780
8102
8786
2425
6650
9514
2409
9593
1723
6382
6807
954
4107
8788
488
720
6072
9568
9305
1058
9554
2053
2153
5932
3572
8704
476
6466
122
4919
7539
7356
1740
8949
4214
8318
7690
7447
5940
9302
1658
837
3007
8465
7454
7384
5360
4956
5802
7529
6185
5811
572
3498
5787
8510
2798
8698
8570
7145
7755
936
5453
2685
1474
9661
8169
9350
2923
8848
9110
8993
8898
5262
4978
8080
2999
1578
5952
3120
4762
6578
3046
5296
284
6091
1206
8325
2054
7856
6076
4823
3571
5909
2545
5671
7080
1274
4030
4185
771
9799
8078
2399
4978
3353
9396
6224
2393
7055
7767
3338
3878
5623
5913
9059
7716
5591
7589
4633
2008
9032
3522
5950
3417
6623
9874
8724
3516
3542
1224
197
5111
1222
2333
7866
2931
6255
153
847
2013
5352
5088
527
6555
5051
7348
1748
4659
1074
5528
9517
2441
6552
3520
8396
3362
8915
7748
6021
7138
4614
8138
4572
8698
5142
883
3425
3458
7296
1594
4824
3827
422
6223
5259
7642
1255
3085
4083
7479
8041
4683
1800
2438
9918
7901
6771
2220
2980
3709
3601
4904
7417
9054
3494
8152
6954
1931
5984
518
327
3654
5786
3545
9396
2638
4010
507
7825
1950
8699
1723
9281
704
4082
6846
9545
5255
2863
3237
9156
525
4721
3791
9442
8391
2824
190
7233
1662
9798
2210
4108
7330
8818
6589
311
1628
6960
9954
8741
1371
6206
5837
1187
645
1532
4008
6207
6293
1064
2871
7624
6719
36
506
9665
7398
9841
3485
5752
6905
5929
3591
5448
913
2674
3712
7836
2913
6917
9756
9331
6652
2347
1985
6212
8921
421
6134
8147
5656
3364
2625
2833
4364
6089
303
6424
8792
5558
2944
8169
9882
8454
7908
368
1757
2805
144
7083
2295
3852
7207
179
8673
4264
8294
7275
4115
2534
8071
2641
4917
7815
3568
5258
3642
9213
8391
2164
2133
7184
7964
378
9576
4262
3047
5127
3464
35
5600
3503
5165
7667
9242
6902
3364
9213
4831
311
5780
8828
865
2275
3891
240
4546
6999
5922
9615
6035
7992
5969
8581
73
4741
5149
7344
6070
4300
5819
7015
5925
8227
3683
6105
8499
6096
8662
2279
8163
534
770
4411
1521
476
5565
2857
4771
4053
527
3092
3448
3092
9857
