9304
4648
5968
4022
9996
7934
3130
9228
934
6738
4130
7086
228
9864
274
5714
9292
4482
1908
9830
2328
9768
6976
588
2664
7156
4034
8958
7174
2210
7112
158
4592
1460
7666
8414
9728
216
7308
2042
2328
250
7034
4556
4122
4112
7388
8118
130
1524
6700
1416
4884
748
7762
2316
936
9846
3748
9070
8782
152
2442
9766
8822
3168
8322
7816
1336
5220
4086
5018
5866
4338
1092
2358
8128
6218
8314
5754
7772
276
8758
3918
2552
4880
840
6008
3646
2460
6358
9688
3564
4444
678
1296
1062
8908
5816
1808
4434
6286
9582
4148
6248
2298
3584
1580
3610
5644
6996
4268
8140
9510
2060
9464
9952
3400
4650
4798
5912
9470
1998
5412
9684
1906
4566
9082
5678
640
6074
2262
1420
986
8770
7786
1964
3392
2014
214
6558
6402
4652
3890
8616
2122
4032
9902
2854
360
6802
6662
9966
8218
7440
2452
9576
7384
4536
308
8160
768
2456
2626
3556
4692
1362
6622
9242
9444
9400
9200
6342
5956
1018
4052
2326
3072
5912
7340
440
704
1058
160
7880
1990
8640
2254
3548
6318
9186
6534
8674
7220
2662
7818
9240
9786
6680
4474
1998
4290
1426
218
1564
1416
3026
8486
6386
2234
3504
5762
4986
2034
7472
2204
9114
1704
7214
5956
6274
7422
6522
8362
1640
8720
4824
7674
6796
1584
6060
4284
8310
3868
7160
4274
4098
3200
436
6604
3658
8252
8528
2982
2084
4854
5010
3242
2348
144
980
8790
9800
3784
7420
2304
410
2632
2670
4458
9276
6784
4890
5620
3884
9328
7356
4092
6366
8574
7492
8978
9942
6716
2246
7352
1464
1864
4386
6730
8630
8412
3360
3214
5212
794
7896
1470
5982
2784
6448
4506
9238
9344
2962
8346
7354
7000
7840
3216
9466
8542
5570
286
2064
9564
4580
6502
2680
4282
9034
2932
3908
4642
8434
2472
8576
5546
8140
3770
4696
2806
962
2590
9430
3802
2934
1962
6094
1584
9180
9286
3598
7308
1122
7942
5080
7142
1292
4766
8552
4784
5728
5586
5668
4866
3264
8120
2002
9474
514
7758
4708
1354
8802
864
7588
6848
7858
9054
1546
5830
5026
1878
5550
2908
6414
8582
7156
5868
6438
8502
9052
660
3542
8310
1008
2084
7568
4062
6990
7504
1722
3030
7024
5952
6464
6492
858
7638
5850
8176
5598
1554
8922
146
9338
8084
3848
1320
1472
410
788
7838
1882
7142
8488
8988
9460
2822
9386
3672
1720
2130
1336
8702
856
68
5408
6804
6756
2890
9060
9552
9188
2096
3224
282
966
4664
1190
44
6778
5298
4426
9886
3390
6514
684
1576
8178
5028
3768
8142
3580
4872
8872
4930
5544
416
2822
7468
9274
1622
8692
9606
4300
8648
5540
6992
1150
4674
3774
6132
288
6176
9956
7154
1030
9012
2988
9558
136
378
7462
4722
2474
460
500
5314
9002
5658
8126
5636
830
8414
5542
1682
494
4888
4912
1230
3900
4050
6882
8414
474
8816
2844
8988
5238
6844
8240
1900
5946
1688
3940
8106
9622
2728
3740
372
6188
2074
2936
5302
2938
6764
4508
2368
2242
882
7684
1652
5644
7368
7556
5424
6214
1486
4600
5428
6194
6182
9294
3142
282
8030
4510
3952
2216
1766
1242
1566
7738
4904
1794
5554
2814
8926
702
1090
8146
8350
1816
3828
9006
4350
2020
9186
2088
1808
2708
7042
6290
4588
5978
662
8832
560
2244
2298
7698
172
7842
3964
508
4844
1758
9998
7436
6162
6354
1638
7018
7564
3144
9568
4810
3092
9858
3110
6174
1326
7218
2026
842
2566
6638
9564
4020
1024
858
1478
1384
8156
2548
708
2040
2844
3626
8040
9950
5386
9538
3598
2964
1934
9648
5536
1064
6244
1064
1962
6048
4738
2814
2406
5384
9464
7658
1844
6894
6408
542
9652
8084
9714
8714
2218
3242
2104
2486
9426
6712
9166
4004
9450
1618
5848
4456
8436
4506
2722
1330
3220
8924
4788
1490
7946
1718
3864
6228
8966
6588
5306
1126
6292
3384
2014
5580
7416
6178
9494
1296
974
9794
7450
9120
2982
2228
2488
8046
5516
1250
216
5808
5974
2912
8044
4590
5028
14
5106
6000
7294
3658
4642
9890
7192
430
3026
9250
108
880
8644
1318
5940
3264
7066
9998
5898
7636
234
4014
2622
7276
3034
5262
1706
7174
6556
1792
950
760
5142
2126
6874
8396
9916
1976
4984
4100
4330
7106
6192
9830
3962
3930
462
3054
1552
9328
6652
1494
2118
4502
6738
4582
2368
6502
7684
14
1042
1004
7376
238
1034
2230
352
2700
7676
2976
7940
2542
1644
8072
6170
5798
1618
6650
9088
3544
3532
4346
2550
7156
7520
904
1212
718
9076
8170
3004
2118
1054
4528
8966
1106
464
5070
5354
9488
5100
1016
6638
6878
974
9708
4758
8466
1632
6874
3240
7570
2884
9472
814
770
1658
5548
1530
7656
5856
7146
8654
2894
5312
2400
6910
4460
1550
3912
6974
4716
7270
5546
4124
1284
2678
3624
1576
6666
9998
5086
7964
384
4126
2382
7464
8760
3670
8658
940
260
9880
1090
6330
5758
5858
3780
688
8804
7372
1930
5512
7752
1542
5922
1306
530
458
7716
2636
5524
7308
7264
2220
3956
5212
7732
3350
3048
8714
8908
8938
3728
4872
6210
7102
9452
5550
342
6160
3592
9264
3848
4868
756
210
2992
8414
4136
3374
720
3876
1406
4262
6348
1030
4538
2118
5200
5370
8370
8914
4862
1628
278
906
7868
2134
9622
4110
502
8362
3016
4600
2608
7118
7404
1114
1642
2842
7806
9284
7322
2412
6614
2780
5000
6318
6116
5488
1424
5998
404
5864
1550
8316
5036
1990
9372
6770
5218
4294
292
9378
52
6622
5686
5766
6302
3482
7230
3426
8140
7528
9294
6582
1250
6748
9138
4966
3792
1938
4254
4436
3330
896
1508
1830
7056
7568
4432
1796
1112
9168
5982
7360
6978
6982
766
932
1014
8322
1054
4324
2
760
5694
5666
2016
8094
3380
3626
3488
5548
6852
9076
1112
1002
8962
9260
1202
6078
7750
6892
2400
6554
1486
2900
5272
4586
6702
854
6682
8840
9414
6700
4694
8222
6672
7780
7378
8428
1280
696
8698
5708
506
3314
8062
1892
278
6586
808
7058
7970
1552
5802
2350
8798
8608
8188
8166
5842
4796
5140
4066
2772
7950
4828
1988
7828
4924
8136
7580
6010
5750
792
5658
288
3288
8940
2876
2436
1944
2554
6962
8472
8136
2358
350
238
6470
8852
8002
4244
1978
4380
4542
2704
6390
5732
4178
3196
3536
1158
4630
866
18
1564
946
2404
4594
1764
9110
8972
6036
7192
7356
336
676
7384
5968
4984
4058
8798
3968
286
2870
8064
2120
7878
4432
6876
4048
4042
4572
8242
7798
7150
5232
1494
3976
6236
7160
7998
9882
278
5528
7630
2184
6236
2060
1876
2774
4224
7192
2962
552
6914
9106
364
6288
1060
7130
848
3192
7064
9800
2420
6504
1318
6710
1482
7450
1786
3054
1512
222
5916
3130
4350
9272
9056
9296
1616
7478
8472
2738
9648
9198
8568
1436
8522
9298
9934
1128
6732
3304
7006
6828
6544
9410
9866
7490
3006
7410
850
8132
6216
6236
6442
6462
2940
6636
9184
536
8712
4830
1962
9542
370
1520
3708
9348
8704
9120
2644
8500
3132
3332
8926
7522
2904
5436
3782
4576
2534
5124
5250
4988
4856
9388
1064
1140
8804
8050
896
1618
7288
8544
7154
4758
2628
7558
784
4634
5078
9792
3638
9702
2014
5710
8980
8658
184
6168
2406
4028
204
9802
478
9334
7344
1994
4238
4084
7104
1454
5600
8394
5816
3182
324
8498
9458
2080
5640
6130
9520
6710
5342
5840
1302
9002
274
4906
9184
5290
3502
2758
1196
8962
7468
3970
7580
5990
8584
9042
4216
9928
3196
168
8824
3198
6754
5354
2228
5174
9034
2202
3328
4122
7676
3016
8320
6476
4274
3800
4546
700
148
5332
9670
4366
6522
1310
3154
6676
9044
1476
7578
5096
2092
1738
8394
542
3862
4144
8430
4464
4962
5930
7082
5438
6376
9582
5494
9126
654
4778
2446
4104
8862
7526
604
3932
7154
6936
9558
390
8202
3434
7608
4788
8968
9100
3762
5982
2782
3948
6826
4404
7148
180
7900
1022
8234
4234
2882
5178
2078
3112
7426
6974
3080
6340
3006
5350
5586
480
9314
8356
4158
9720
7806
930
9922
8040
3236
4392
7724
6322
5544
7008
2356
7104
7286
1880
5196
9762
232
1394
4080
7444
1358
2380
7668
5648
7800
8912
1596
3904
2170
6614
9060
1412
6448
6022
3698
96
8732
3882
4500
8424
7294
3238
8282
7472
1002
8814
658
7402
7412
2002
6200
2712
2700
4992
2410
6634
7378
7182
4526
2958
8310
6570
2302
2432
7432
8242
6224
6554
9736
1244
690
7612
6974
6506
9498
1362
8666
5548
9756
8480
1984
5176
7976
2778
6376
7722
4522
658
536
3510
632
7000
4076
836
7858
4114
1084
2628
1602
9410
1356
3058
4024
1420
4004
5160
656
1980
4396
7310
7756
4850
9828
3312
8060
5884
9718
5132
9268
9642
3498
7352
3172
2074
2642
1958
986
9654
2398
9758
6466
3498
9126
5954
3744
1790
1142
9362
1260
5658
1120
5090
3004
1792
3830
2968
2336
3228
4860
9346
812
8376
8004
8638
4392
748
4588
5108
8740
4334
9204
9688
3310
9834
4750
670
6386
5926
2068
5824
2544
2766
7102
4706
5878
3316
1220
5194
1478
3478
3870
8040
410
3284
6516
4512
8488
8476
3536
7332
6620
4222
2254
1388
4426
1648
546
236
2474
6614
6100
6344
6998
2534
8490
6674
9334
5276
2386
2090
5942
6130
6704
614
2146
4712
8856
6738
9034
1934
9872
5988
9426
8508
9078
4022
516
6850
9792
1948
8362
7356
8772
8660
7410
6626
6700
2176
4598
4556
272
3636
8360
6006
8142
9816
2872
5084
5344
2590
7802
4838
2172
8768
22
8192
8310
8530
9536
4516
7008
5346
9510
8346
8404
3130
6766
928
9172
6262
5702
1750
5778
6878
5992
3610
1844
7394
1190
4000
5894
8908
7758
380
2078
7612
3070
858
7046
4260
4744
8442
4628
8108
7148
4586
8174
1706
5828
6172
8740
146
924
7626
4658
5620
2230
3804
4520
5700
9934
5738
2396
2432
1718
686
7584
9428
9052
9920
4572
64
7330
1724
8574
254
1302
5048
746
2804
640
844
2522
3414
6610
7078
4630
1770
2562
2676
9976
9158
8298
2562
4146
7124
6038
6820
4038
3420
7930
2380
2828
5198
3254
5252
6504
18
5988
3000
9902
9122
6066
8058
8708
374
68
2782
3570
2486
8664
3610
9044
4230
9056
5758
9092
9142
6170
1904
1754
186
3554
6482
3886
442
7904
3618
9126
2062
2246
6608
868
1818
720
1318
4856
3030
8158
7158
2906
8766
5604
7490
4028
6270
8092
8372
2454
50
5040
8492
2946
6946
7582
4274
7002
7886
124
4366
5780
2478
2202
4902
5604
7500
5036
1458
5284
5394
958
5028
1488
1914
2684
9506
4174
3862
3610
9994
2054
418
3828
8722
9312
6116
9494
3696
1412
582
8730
526
7148
9690
6146
7576
678
9302
5814
8702
6636
6992
968
1736
8652
4174
3294
2280
8996
9828
5584
2260
8158
9992
3118
9096
3604
116
9336
5048
2590
8812
4366
2996
1792
5754
12
4026
554
8962
5324
2090
7636
8074
9556
5212
8264
624
3804
7532
826
8868
2380
4718
3340
6878
5704
9152
728
2930
8906
7322
3236
5968
6254
8416
1414
3950
1062
6008
128
4196
6386
2880
398
9804
1572
5412
918
314
5092
3118
8772
1122
2290
326
8004
2394
3604
5320
4788
7778
1544
1556
4386
3212
1748
4686
6936
6332
7160
6030
4382
9414
6120
2520
3586
5094
7960
2458
4816
7334
2896
7932
3616
9472
1774
414
4338
6772
434
8732
8404
7582
7466
3282
9060
3130
5908
6460
6800
6276
2560
104
3712
1862
2664
602
6246
1748
4690
318
4012
8174
2742
2
24
7624
5734
5424
3346
3194
6482
6250
886
3044
3092
7308
5176
8364
8398
7912
9054
2104
7060
1060
7744
972
5354
2954
4760
5100
6434
1044
9524
2348
4026
6016
4930
1396
5504
4214
7820
3904
3960
586
9870
3396
6248
5658
6250
280
9750
9774
2768
2270
9724
8938
8568
2654
8838
7770
4230
8154
58
3116
1936
6022
4536
8080
3764
7186
1870
3860
9562
6646
3138
2244
8868
1674
5892
6726
5368
2642
7792
6948
7158
6696
6850
8778
6312
5004
7956
5934
2352
7602
408
5118
770
2814
9572
2474
7254
5080
1566
6220
2502
2402
9830
9538
6320
9394
2410
5938
6838
3662
8940
5446
708
2686
6662
7288
5148
4514
1462
3618
2634
7078
9050
2464
1024
9178
7086
5162
3248
284
6638
1686
2014
9796
7128
242
1302
9174
8766
7808
2540
5034
5898
4184
8754
5360
9676
7372
4018
5284
1558
7108
3860
6026
3618
874
794
2808
5188
7116
4116
360
6794
4458
3264
2724
4454
1000
6130
4670
1628
6542
7950
262
7398
440
8922
4852
7826
2746
3528
4092
7612
9174
8790
6054
80
4764
9190
8840
1950
5778
4786
7444
7428
8408
6034
8740
3248
9322
7164
6012
3160
4018
7708
2368
6530
6520
6874
6670
9336
7862
3786
4006
5562
7022
8458
1862
9878
1914
7532
5298
928
6948
5464
4008
5336
1880
2776
5170
3832
3394
6592
4156
9524
1194
9290
2882
7862
6614
2910
3832
450
1418
1934
8806
2248
8300
4122
2160
4830
8406
9598
1768
692
9202
2104
2514
5440
4460
9856
4998
544
706
3840
4642
602
5314
2894
7662
6544
7860
508
3452
7560
2564
1992
8718
4284
8192
5520
5656
9432
6690
9190
1350
7554
9224
2984
4604
278
1576
6780
6690
4278
7854
7868
9726
1310
7036
7520
6062
2866
7620
4604
8180
192
9920
8596
6902
1356
9106
8570
1984
6938
4986
900
5658
4270
3454
4518
3772
82
3428
9292
2410
7274
6970
1856
798
5662
5186
2400
1980
8860
2032
5692
9742
9274
5514
1224
4814
1278
1676
8024
5338
5684
2950
7014
9596
3022
4888
7878
4310
7544
2910
2780
1344
6980
1996
6016
6300
6492
4186
7622
2394
182
5996
1914
9812
96
7314
1642
10000
9778
5178
6132
514
508
5742
2520
8162
3742
8860
4660
100
6104
7968
8752
1724
1316
8946
4698
2742
5386
118
1166
8262
5902
6898
7210
614
124
7954
4202
2122
7674
7730
1420
7008
4158
362
7666
2618
1330
7030
9752
736
5426
5854
9354
8362
2552
482
2116
8276
8612
9986
854
2678
2834
1102
8612
8200
9290
2794
8574
6624
9612
2076
6260
7056
5944
7270
7330
5512
6530
230
9674
6748
1228
3322
2506
4746
4986
2892
2990
5512
1140
8886
1986
6418
6176
4008
50
954
5888
9532
5164
4004
2478
6442
1898
224
8536
6872
184
5056
9578
4726
2970
7720
5062
1862
62
8280
16
5554
6552
5838
1198
276
1924
6588
3294
5062
4658
7318
1392
2606
4850
1204
2054
7700
4168
5208
2690
9026
46
3324
9580
7382
8982
236
9048
7232
5848
5586
680
8510
8960
1544
672
7656
2768
6306
7148
7716
7166
4050
7990
162
4002
1208
1142
5306
2514
6136
2412
4186
3834
3780
7912
9398
2386
9282
1088
2092
3822
7708
4058
4130
7162
7172
3688
2346
9764
3832
6150
9716
2062
5638
1468
6694
8382
1876
8170
7558
5688
3530
8120
2104
6352
4420
806
882
7170
6524
3616
9014
1444
8744
5290
4420
862
1044
9814
1272
9528
7628
7920
4190
7628
4116
1994
7960
6444
7938
1494
668
8110
6670
7324
3326
1202
7274
8242
4348
3680
9512
1242
1658
6514
4980
7936
8680
8312
338
2466
2770
1978
9998
3672
6826
9482
1014
4406
4484
9964
3498
7738
7210
3984
534
9954
1634
2
9962
4110
1540
7472
4724
6216
4532
1202
5320
9518
7954
4996
6456
6318
8168
3136
7426
7430
2666
4356
8078
1294
1800
3762
9750
2098
6516
6732
6848
9248
4892
8934
8650
744
2248
1916
5954
7726
4612
7932
1772
1874
2188
8158
4766
1866
9528
9852
3262
1310
1544
5954
3446
4222
3160
5860
6580
3704
1926
4460
6308
5862
9038
7638
3272
6232
1990
3106
9170
3206
3780
8444
5728
3866
8448
2636
1388
5058
2440
3408
4828
3228
7704
3560
9396
626
6824
220
1108
2752
7784
2960
2782
2072
2206
7660
6498
7830
9014
864
9632
6404
5156
2700
190
380
9446
950
6194
7968
4400
6358
6220
8274
2356
6888
9734
4742
5314
4114
9732
7922
5224
4354
8308
3032
2790
3840
2762
1532
1392
9334
6234
6320
6196
2322
3608
1266
3522
9210
2060
9582
9226
1326
4886
6230
3746
2680
7418
3030
6994
836
6792
2668
1540
2308
2924
4582
9142
3242
9574
9382
9122
1948
6528
1108
2488
460
7226
4166
7362
8684
6768
7550
9892
6868
84
7316
8146
3364
4880
5938
3192
3124
1464
3254
1892
42
3798
1650
5916
9802
3312
4804
4274
4356
9388
8874
5770
3868
5872
6078
1216
2082
3962
5670
2398
3254
3044
4872
2216
8730
8816
8346
650
6556
1162
8068
1852
1252
5298
9264
1078
52
1124
3676
7214
148
3510
6338
5610
4050
902
9006
3010
8316
1968
5230
8196
1422
38
5506
4760
810
9882
8544
8048
7300
630
5046
8416
4056
1100
9006
162
4290
9504
3090
5586
50
7514
2198
2662
8390
7686
1846
5352
8128
3930
5314
2820
8706
9764
5134
5530
7854
1578
5538
6840
3394
9280
3488
3182
8240
1814
6838
610
6428
6748
3430
738
1596
7212
1252
6946
3924
5278
3752
7986
7244
5674
548
4704
9890
7488
4238
5178
9772
5738
1472
5258
8494
1220
2730
6610
4690
1394
2364
4690
6310
4828
8912
5668
5638
348
8466
548
6368
9392
3792
6038
2048
406
1022
9980
7916
9444
8900
7326
4902
8194
8158
2940
6296
2262
6058
1410
2774
3916
5798
526
2606
7546
6912
9528
88
258
2464
7434
4232
9378
8508
8238
1054
6252
5918
9762
588
6248
1594
2298
3680
198
8624
8366
278
2188
6788
1376
4094
4256
2808
9992
8006
1226
2000
7684
9288
5272
476
7058
8244
210
5530
7416
7806
7238
7980
5276
2434
6394
8102
7306
7652
976
2376
8838
4086
3646
9752
3772
6240
7172
2612
2842
212
6922
2300
2896
166
5014
7518
3560
3274
1928
4468
1434
1030
8468
982
3188
4430
4772
718
1364
4750
464
8004
3410
8634
2292
9724
3970
518
830
4150
9266
1552
220
1418
8424
3682
118
1068
2464
2134
4562
1100
840
570
3758
8026
4210
6816
3932
9166
2720
6026
5892
3024
4926
4608
214
2272
9524
6076
2776
2758
7084
9782
2372
5166
876
6844
4610
4802
596
5242
4288
2612
9292
8410
6998
4908
4620
5318
2884
8542
9906
770
8288
4346
9718
490
9790
2186
2170
1634
7468
7950
8404
7350
6492
564
9480
8990
4082
5456
4892
8566
2996
1980
158
3392
3238
7216
5424
8848
440
4818
438
7084
9262
4650
892
4316
5930
7580
9788
1700
3380
9934
7568
5460
2566
8576
5332
6594
7990
3834
3120
1892
8850
9204
3828
9082
3214
4384
6060
1744
4028
9646
6754
7756
9884
250
6732
5016
50
5092
5444
6030
1574
2774
8144
7908
8356
5898
8792
3084
8000
1512
3378
1144
4832
9146
2180
4054
2712
6014
8512
2210
9790
8444
5500
9884
222
5246
3602
7364
4850
5396
1832
8456
126
3960
284
7698
2748
2874
9096
574
6348
2042
3392
4822
2564
3462
2414
9196
6772
2710
9422
8756
1836
2010
6288
2886
4880
848
9194
2930
9380
9298
6688
1302
8204
2194
5058
6020
510
9172
9222
8372
5730
1200
6538
4340
4768
3384
1668
9918
7236
1042
9392
6586
7882
3240
2122
7030
7768
2380
9048
8156
9918
7858
7614
3296
5212
7200
6332
7066
8822
9234
5374
6078
3354
6294
8460
7740
2596
1924
1106
9992
1818
5824
8292
9896
3638
5108
6436
1510
3682
2620
9920
7180
9296
9918
5284
9770
610
578
4542
34
7258
5456
6300
9000
9262
5304
202
9564
702
3508
7688
1108
8626
558
4802
6454
2570
6098
7672
7140
1742
8728
2504
7114
3218
9606
5326
6292
1666
3442
376
8452
4714
1552
2546
2658
1178
4084
1818
2406
6180
6958
2000
7654
5374
4146
4990
5072
7872
8592
3318
7804
6226
9676
4824
556
6310
8176
8022
8182
8800
6690
8570
8076
7130
8352
7380
9686
3312
2614
2096
9924
8618
3950
8634
9406
8216
932
2960
2640
238
80
9540
2006
5472
5842
2946
874
6738
9734
9092
7968
4300
7396
1534
7704
4424
7018
3186
140
7570
6160
1750
7834
2922
5806
2322
3828
3986
4330
8270
566
1062
356
7866
7180
2298
9646
6162
9348
2374
8568
748
7394
4378
3970
8450
4350
9322
944
3990
7000
1702
8608
4370
8498
20
6640
8644
3466
390
4684
926
9468
4504
6788
5220
8254
7140
8724
1414
2374
2894
7738
1786
9938
6054
8898
9424
6068
8332
2
956
8524
7412
1122
2602
1864
6072
9498
5830
4746
6600
7302
6846
828
6398
5336
2670
988
7852
9542
3212
1984
9870
7908
170
3110
4278
2946
538
7322
3008
5886
1586
1998
9164
3842
4326
1368
1064
9388
7746
9680
1490
8710
8630
886
6174
3514
3450
7794
2516
2152
2902
3416
9318
6032
5396
5200
7464
5376
4252
7634
7726
6070
3046
7896
5624
5760
5318
5362
318
8282
8674
9952
8926
2
784
9712
5096
4874
6640
5382
4454
6864
9008
5634
9672
3444
7096
3918
8290
8826
4198
4470
1052
1962
7330
7012
1496
460
9078
5028
7664
5402
6880
5484
4384
8562
702
2112
1550
8860
3712
6418
6626
6988
5930
4086
7240
1952
4596
2432
6684
6186
6258
9008
7514
4872
664
1682
6800
4052
5528
9024
7228
2738
9204
378
6826
5172
5870
6620
4264
8750
4996
5154
5502
6374
6326
4326
986
1216
2928
2870
3022
2550
8324
7122
2682
6722
2362
7526
3736
8816
7198
5570
5462
1632
7026
1300
9586
2130
4706
160
8448
7318
4058
5148
6948
2376
5798
496
934
1722
7412
6738
4864
3614
8884
2476
1970
290
876
742
7590
992
9364
9002
2272
3922
1726
4210
7286
7930
3524
5002
4694
8098
8860
4752
5492
994
7946
3226
5128
8554
7860
1386
380
3070
3992
274
5232
2018
4618
6458
7880
986
5972
2046
134
3372
6592
9088
2624
3992
4296
544
6434
3258
6456
9126
1534
2996
5150
2954
5396
6436
3436
6716
750
3088
7288
1870
5858
4788
4690
6580
512
2670
6560
806
6982
406
5896
5340
2476
794
438
6646
908
7992
8416
6992
4780
736
9272
6202
8712
7676
3554
8770
94
3260
2028
8370
2356
670
2274
6868
676
4140
1734
6264
3666
4378
9590
9040
4074
7452
8128
7956
3742
7274
2638
2020
4410
2918
2580
2296
1382
5680
286
9084
516
5974
4450
9104
662
8012
4866
7336
7720
84
3982
9258
6494
9660
8874
9004
3024
7306
282
3100
8770
2030
3468
1744
6120
9980
3816
1990
2082
6934
6866
9596
7568
4064
7114
8104
4314
5292
102
3054
8788
9954
9102
2582
430
3550
9510
6654
7474
724
8646
5452
7824
210
2052
3792
2538
7788
1798
5752
1508
1436
9334
4280
146
3350
3516
7372
5270
7570
8482
8940
90
6566
2938
6570
9470
2978
3636
7544
6786
8808
3914
890
7676
264
2200
914
8880
7694
1066
3560
6198
5698
6114
1568
6478
8326
6152
7430
7130
2672
8246
1116
2042
728
2828
6948
3796
3602
8094
180
2774
6496
9468
8690
8012
1362
8210
4448
7514
5954
4908
9748
1282
2298
7210
3794
8132
2008
4698
7586
9956
3092
6912
178
1738
6728
3158
5338
4506
6694
3804
8072
3016
112
6056
7330
4044
9446
6550
7542
6584
1232
2966
8738
2042
9366
9182
2344
7498
1720
7964
9494
2540
6904
8510
3516
3544
5420
2464
9920
2512
364
5026
940
3478
7442
4890
1488
5938
828
7164
8202
3162
4384
166
990
7650
8946
6518
1936
6530
272
9486
6588
4126
7090
2096
5472
5668
2370
5374
5722
7430
7204
2350
4846
2382
2540
8260
6954
3308
2496
2376
3192
4826
7250
4768
358
8200
7428
4388
5056
4608
1504
6872
1698
2918
9284
6012
984
9466
1380
5092
9072
8738
8632
5154
610
9580
8070
2760
846
4744
2410
50
8348
8856
6592
1342
2164
6308
4664
4160
4058
8554
8340
4866
5920
5658
1182
9076
2460
8634
582
9304
6888
2694
2858
5876
4692
1808
3176
3690
5128
9586
6790
3326
9398
2744
406
9580
1522
4244
7164
5140
1036
7870
8508
4596
2868
9298
6154
8982
3542
6466
1564
8848
6528
2168
7618
2696
9722
7050
2168
4802
2922
8668
9220
9564
1516
4314
4978
1518
3532
8424
6996
5788
2300
2590
540
8552
978
4826
3940
3452
6930
1490
2204
2034
7036
2422
9862
546
792
520
6838
3062
9368
8134
9786
2680
1742
1142
9032
1438
5868
8672
298
9560
7350
6986
4094
502
1062
4030
2504
6420
6380
60
1912
1782
1318
6430
7876
114
8896
2962
2420
1432
9494
9622
3172
5926
4758
8454
970
224
7530
6710
7458
9962
6214
8318
6168
1902
6508
8612
68
654
5898
7882
3000
3300
7594
6772
1998
1918
7972
5576
8070
3156
3302
112
2566
4802
730
5948
8300
7080
7530
9982
5308
2000
6680
3656
7646
9528
9820
1278
288
448
7404
7866
1874
4726
42
7568
2740
3206
3074
6930
5096
8722
4388
310
538
7538
240
1966
3954
7494
5748
5856
6538
3466
5050
332
3374
6988
4988
8200
2618
4900
1976
3724
7098
6048
8648
3060
5030
1478
7382
5376
9170
5768
3874
7792
6208
9890
7072
8196
7836
2262
9398
5880
5776
5344
3056
1300
8966
7508
4558
1438
292
9482
6784
8754
1440
2076
1888
718
2608
7376
8240
1030
4142
8814
6398
6380
7886
7986
2622
2608
474
6838
1880
1452
1656
4122
5122
2322
4004
8888
4196
1814
2830
9626
4320
7986
3022
5342
5198
2854
9462
5584
3664
9856
2662
3806
2330
5170
5294
7070
6138
7994
1864
7064
9458
3868
5304
7864
5578
960
664
7080
8952
7114
3648
8442
8392
6740
4526
6362
2690
1252
8744
2854
7354
6942
7876
7348
1848
392
264
1820
7820
2222
22
9640
1978
7662
5658
4270
968
1166
9474
9556
5926
7932
9256
9230
910
3632
5840
6652
4992
7658
4568
800
5680
7222
5152
7828
6450
7418
2582
8468
5570
3780
9218
106
6132
5088
4380
6898
4168
5500
1872
8900
3212
2414
5152
9596
6582
6212
5396
6268
6844
6150
1226
390
5244
2640
4996
3158
2950
4184
1406
870
928
6904
7968
5426
3594
6498
896
9364
1790
5390
5264
4858
5622
8856
2734
6932
2598
7324
8464
9552
3642
2652
5382
524
8792
5242
4992
6830
7094
8244
4402
5170
6008
5690
2210
1426
5570
2876
3720
7688
3334
9954
3880
722
1582
4696
5698
7942
2710
4286
7984
9950
6032
4316
8022
3130
4466
3530
9176
6088
554
936
7474
8484
2928
8540
5206
9076
230
8582
2620
3700
872
3134
2436
8192
3760
2282
170
308
8802
7556
2266
404
1432
88
2642
9130
5816
8838
4706
1412
7956
3532
8750
976
9436
4026
6652
3312
784
8920
238
7994
8182
7794
8250
6194
8940
3284
1990
5640
394
8066
6694
1242
2996
5858
4844
6954
5034
9582
470
1714
4602
6656
5364
6554
6684
7202
7842
9476
8436
742
2908
5020
3298
7982
2788
9124
7006
2820
6466
6722
3928
3690
5656
7594
3980
2862
4590
20
5814
1438
2648
1150
4580
5152
6584
5280
2994
2172
7266
6664
1412
5510
1266
7380
4524
8710
3134
3770
5416
8792
1016
1440
4430
5428
7910
5626
8038
7746
1368
1862
9952
220
8034
7906
4262
8690
4850
9236
394
2448
8186
3906
2442
2338
6146
1098
2328
3530
48
3102
670
9360
5922
5312
2608
7982
524
5348
1866
4982
9516
4000
4468
6682
5444
2684
228
9332
1828
6330
5772
3868
5898
8578
9912
8490
7064
9404
5044
4260
2534
1570
4554
1318
240
4768
9996
9840
9148
1066
4906
1678
1102
6650
9050
5060
5780
8330
7144
1572
9320
7760
6706
9396
8846
2224
7682
8782
4334
3106
2184
8452
7526
2516
9616
8914
8532
4810
1362
5126
4868
1730
1316
8828
3370
762
4458
4522
4682
9068
820
4330
9720
3270
854
8806
6796
8828
8678
4132
5402
7944
2690
8614
4772
1094
1856
4092
7902
1398
7298
7438
1616
1884
5988
1398
8022
1332
4708
4422
7218
5092
5180
7484
1056
7816
4316
2908
8374
3050
9016
5166
6186
1406
30
9650
3776
9918
2730
6810
7386
1514
5554
6174
4142
7976
1744
1054
2902
7180
6800
746
4640
7928
7462
7138
1348
3248
1348
2164
2196
180
4862
1216
4640
6062
586
8442
5564
9682
4566
852
7154
964
6788
3922
5274
8078
4168
9204
2836
7266
2406
8398
4764
4572
7650
670
7804
1508
738
7790
8450
1708
5476
8726
9038
1036
8332
1610
7690
7448
4456
8040
3856
3114
3820
3016
7584
5560
1038
3080
8842
3240
8020
5084
96
3396
2498
2520
7886
5832
2422
6478
3850
2026
332
7562
8608
2764
1096
7078
9438
264
548
40
1732
7976
8102
1062
6420
6932
4290
686
3704
6998
1216
5638
7866
8692
1596
4664
9700
5332
4680
8108
2164
1332
756
1334
6004
6390
14
6272
8226
100
240
3726
1126
8382
3536
8974
9930
8864
7660
7464
8806
3620
2422
9348
9462
8170
3394
2246
5570
1406
1140
5022
8520
1306
5860
5520
50
7192
1532
5218
4792
404
4834
6538
7054
3014
4736
5502
9452
7680
4788
3546
5130
2616
5478
3584
5454
4984
8312
2458
1286
1604
908
8782
2676
2296
174
8048
8336
2428
6792
2466
1126
8100
5990
6864
3916
2850
1982
3222
1224
5556
4108
9570
