5091
7121
4825
2947
1821
431
1133
4227
5597
5609
5703
4163
2813
1141
8379
887
5393
8561
7567
2029
6453
1977
8743
1507
8287
2697
2639
4539
9123
5903
4897
7539
5575
1461
8363
8407
8635
6181
509
5365
3111
2021
6401
1073
7471
9769
6767
937
3481
4677
1943
1353
629
6169
2481
3425
9719
9741
5939
2157
1723
2831
403
3767
7989
4019
8107
6941
5633
2085
1507
1079
3631
5721
9027
3913
6721
63
9473
5193
1505
6003
8387
57
2667
5997
2349
7917
7275
6793
9445
3671
9745
1199
3237
3841
8335
4311
9691
71
9199
9399
5117
1299
8839
8993
657
8409
9651
1273
8843
1341
729
6849
2831
1819
7479
1807
9219
903
7601
3343
6863
2587
2823
1245
8095
851
7525
3475
245
2909
6957
8765
8749
1455
9357
5673
1191
5319
7627
1659
5107
7903
2517
971
4935
6671
9991
1995
1795
7067
4901
3283
45
6231
929
4849
3151
5861
9857
4495
283
8087
9505
2761
3123
641
7135
3343
1471
9569
2183
91
1733
8109
6379
7329
6915
3845
5189
7165
5833
4605
7243
1107
2719
9087
7229
1281
4415
3205
1393
4755
2037
3857
1349
4903
97
4885
6173
3429
3303
8751
7533
6987
9423
3839
7669
9607
6213
8175
6759
5951
5327
4281
1891
1935
795
3261
7113
7563
2923
2517
4717
2163
249
8779
5743
3911
1283
351
3187
8129
8639
3993
7813
2417
1617
6069
6209
6629
1795
9645
6399
5427
4175
4133
5429
9877
3329
4613
7513
8863
3159
8657
5001
6569
3391
4527
7075
3529
4907
4139
2903
5513
3633
4479
2459
6939
7345
1883
9831
6599
8505
5871
1471
5881
9819
9417
6887
8547
5223
8103
283
2869
5983
9865
8339
9175
7755
5717
7561
9955
553
8491
6103
7947
4927
8085
3665
8075
5137
6401
7507
6707
2295
681
2249
9463
7741
2701
5419
6593
1423
9433
4421
85
7689
4071
1255
921
8171
7873
4271
117
3489
8521
4657
7041
4333
5941
1899
1081
849
7775
2715
4073
105
4137
6529
6609
8993
3809
9159
4495
2393
8517
7549
9315
8317
4447
6737
679
1727
5419
581
1495
8369
3703
8185
987
6207
3703
8953
3145
7647
4473
2369
8785
307
1631
637
5479
8085
2467
4101
9123
4487
9921
7461
8151
2727
3877
9079
383
2783
5147
9459
2201
1893
1409
2059
5061
4455
4799
7029
8339
9439
449
5899
311
135
3893
8691
4911
1123
8869
9051
4001
7715
4143
5307
6169
2453
3869
295
3169
4049
2953
7729
1397
4771
3451
6423
4881
7873
8389
3183
9755
4533
6283
2741
5361
9087
7489
1795
3919
3421
3369
7181
2707
3961
7229
1813
2985
5031
4455
1779
2439
8085
5421
6755
5631
5109
7187
9363
7349
6369
8481
2883
9617
1309
7001
2517
5257
9685
7101
5157
7987
7393
4649
3021
2443
8313
4295
1739
2859
5105
8913
3331
9003
2907
6489
3683
8317
8491
8839
5715
9603
7591
4575
9651
8139
2815
7391
9247
9699
5335
9453
3861
763
3371
829
6629
6247
9171
3815
3395
6601
465
7331
189
4375
8111
1085
9587
4851
9251
9747
3631
5225
8035
7443
3657
5699
8559
6225
7583
5107
115
7617
3683
3033
2089
653
2051
421
9899
5507
609
7137
1765
8151
6475
1975
1753
5917
9555
8287
3699
875
4289
9803
233
6121
2355
9285
2351
4233
4765
2109
7535
8595
2667
6605
473
2641
7171
7891
605
6315
4333
3539
6407
4549
7531
8653
7761
961
3557
3891
7381
917
5881
6451
9613
3725
9837
7281
1257
9407
5707
9781
1363
7037
8827
6219
6171
6523
3439
2997
5223
3341
3263
5953
4789
9209
3481
6031
2529
2901
2053
8931
8245
5
457
4807
3269
9171
5301
7991
9257
4605
7945
2049
8817
3947
9723
3771
7627
8107
6871
9915
6719
4233
4495
1895
6553
5039
9625
6759
5121
7267
2305
517
7187
9351
7753
7503
6759
59
3973
2693
9919
3963
9843
1995
8171
7275
7505
3475
5167
4181
8805
5107
5687
3161
9751
2877
7187
4457
1639
2197
2429
345
6423
2611
1585
3241
5271
4601
8873
1589
1289
9311
6995
8697
165
1565
8975
4777
6641
7033
5863
8511
4633
1415
4923
3965
1365
6703
6623
4585
3535
2965
4431
8933
7417
8987
6495
2355
427
8145
83
9899
9297
5391
8965
9535
3921
6921
2615
4801
3503
3885
4121
4725
521
2229
9283
5633
5313
6521
2839
9887
1167
1629
899
5683
4229
4699
4331
3393
6253
8333
9761
3367
9991
6295
7035
6375
2689
6697
4541
3321
9873
6139
4923
5641
5829
2173
1879
4169
8617
5211
8529
9803
6973
8217
5953
7547
1245
8671
9273
3829
9349
7929
1287
1619
8845
9269
8375
3405
6863
4065
3237
9441
1569
6117
6459
8171
3635
4087
7635
4323
7783
2809
9013
6697
6309
245
3153
4241
4569
4789
857
861
5081
3463
461
9127
7361
2161
7499
1399
6987
311
6353
9753
4329
2169
3853
309
1845
5125
627
5953
4293
5871
5767
4819
7995
1611
3787
7101
5431
8783
4113
8425
6715
7877
7977
299
7249
5197
8771
1453
6895
7417
2217
1165
9717
3183
9475
2751
3191
6567
8017
6873
7571
2851
2439
2287
1331
8855
9941
5941
7093
6223
5835
3067
8903
8681
2881
3033
7019
4811
1919
1637
7339
101
1355
1077
5127
8101
6273
3885
3635
7141
4769
9037
1873
9283
1843
4285
3217
9891
1095
4281
6095
7127
2965
3831
8339
6297
1913
4841
2713
5891
5341
4093
2621
4695
1543
1615
3345
4229
7803
1905
1485
5443
6989
5415
6483
6677
7219
5589
205
7371
8217
4157
1083
1523
7429
3065
853
9961
3175
3911
8381
7595
505
7115
3513
5857
2959
4581
4765
3435
5267
6971
937
6249
1939
5673
761
3345
7099
6839
4735
1739
273
1019
8303
307
117
8451
777
1335
9675
8249
5903
1237
6415
1547
4533
1235
5167
1819
9473
2719
1583
7777
8809
9595
9687
2799
8659
1823
2715
9041
6383
4267
4591
813
6701
5655
941
2315
8605
4101
4983
1277
7377
4857
4403
5947
8933
5525
7651
6145
177
4921
1749
2887
5627
7295
809
6929
9125
7799
481
7197
1945
5089
4671
3989
7047
5037
5427
1049
8987
3533
4977
2699
713
123
3673
3375
8815
8671
131
6821
7543
1231
4127
6219
5239
8547
2843
1641
1113
2781
5683
1749
6601
5587
5495
6037
2493
7249
6285
1641
4113
459
3083
2999
7467
7437
7855
9787
1167
5477
7109
3393
6143
7761
4747
5721
8083
5677
9575
8725
9607
985
3107
7397
7403
429
9501
7111
7827
5679
4809
2135
1241
7567
9977
9897
4321
5797
4017
6953
9423
8843
9743
4005
2073
9987
7755
7631
2599
7263
8525
4947
2199
99
3909
6491
4837
4103
5719
5373
2967
7335
9449
4359
5943
8871
8707
3797
7813
9517
3891
3437
6179
5055
8189
3515
5431
195
6607
2597
3265
4381
9479
5737
7663
4201
4033
8405
8985
315
5943
9229
3875
1935
4729
1319
9785
1011
8745
119
4001
6037
9949
975
949
8219
7777
1393
2197
8611
171
3305
1665
69
1705
6657
8381
9555
8339
5669
833
3139
9731
6397
9129
1029
6103
3633
1909
8639
2443
1059
305
7455
4421
6285
2255
2341
1943
6041
1055
4245
3751
5001
3531
9289
2663
3627
6261
6489
5819
2643
7389
4033
3433
7485
8763
2409
4099
2963
2761
6715
8379
5327
1615
4463
6151
7399
355
1817
8309
4293
8473
6649
711
1817
1983
829
1573
6323
1223
5449
8165
427
9271
9537
7135
4481
2805
2173
1577
8513
1269
3631
6757
3753
1501
4659
7165
8699
5275
3667
9987
8593
1237
2505
2853
7219
3821
8709
8189
7705
7305
1633
4427
4287
8041
7213
7603
3293
4735
8597
1417
1811
7359
3901
3445
6029
2325
585
5195
571
9469
9369
9971
8771
4135
6855
4939
1763
8765
2179
7649
6017
5645
825
3511
8847
4961
1737
357
6911
7021
9299
5133
5145
8359
4411
3121
7985
7341
8175
9687
5255
5903
6481
8679
5643
8767
2707
2293
7683
3437
2089
5589
8127
6879
209
5923
547
4401
8673
1491
5391
3261
9901
4509
7883
1309
417
6717
4275
3457
1095
6647
4089
3465
8985
5133
8057
221
2741
9333
1109
7861
2461
3701
1487
451
4075
3571
6615
8187
8841
4837
9903
8741
2639
3935
8147
7531
3397
4451
4025
4749
7917
4319
9475
8769
4969
9743
4531
449
9731
5651
2313
8399
6243
2677
6903
9087
6547
2059
7647
161
3825
7217
8887
4353
6621
9029
2469
6551
7941
8195
7525
6613
6443
4525
2587
1767
3177
4193
6587
6887
6095
7993
3059
9683
8873
1035
6329
2819
8925
4241
8867
4231
525
5633
7255
2745
2355
7929
8949
2223
7759
3041
3305
3693
2053
7849
1111
1571
9047
5727
8107
4215
2101
8187
8817
11
5449
8145
2679
6927
4175
5679
4381
7859
785
735
8747
2521
1893
7811
2051
2559
4123
9749
8667
8313
1739
345
8801
3749
3499
5637
5785
397
7311
8753
2299
5821
3643
7051
7507
8651
5663
1639
3373
7743
3291
3905
4025
5701
5425
6255
2633
8225
2093
6885
7653
7345
3097
1649
9485
3489
9525
9545
2279
7551
8605
7339
4943
9735
5297
7491
6755
2391
6881
3733
3529
8641
4341
9627
5723
4771
1961
5185
2965
3187
3147
2405
2091
4703
1409
9385
6559
7513
7639
3433
6099
9915
7521
8047
2815
5177
2629
9243
835
4223
9693
3335
6095
5257
6801
9385
9083
5
8807
713
4225
6765
3687
7721
9527
7901
1657
1873
2953
2819
9933
8875
7661
7803
4381
7181
1191
8263
8371
1065
7735
9591
7543
4421
3041
4129
9811
251
1165
9865
5937
3739
6167
5623
4643
9359
4953
7743
3315
3959
2675
2601
8167
5325
6321
2939
3219
8323
9105
6713
4473
319
9653
6557
4027
9191
1269
9493
1083
6725
6203
6611
7547
3469
7881
2167
2715
6169
4273
6153
6593
3405
7051
2689
1569
97
1781
1559
2649
5997
333
7159
8647
6533
6591
2157
307
1407
6631
5287
9511
723
995
3221
7323
2859
7373
4275
671
5471
2557
2617
6621
6037
9749
4725
2651
9027
8933
2571
123
7031
9223
4681
3389
537
1009
1915
3943
9911
1495
7027
5823
2475
9143
9721
6303
2913
3353
5553
7007
4573
8739
2823
9917
6067
7407
8433
4041
3795
7263
2337
3205
4695
8923
9667
4013
4083
723
3387
4219
7591
5861
4313
2037
7603
355
359
8791
2171
4171
7391
9525
4701
3311
9529
5333
803
445
3111
2475
1257
6153
8219
9785
5741
67
6765
7459
817
3559
2285
5993
3117
3239
2319
1901
57
5347
9283
323
5029
2231
3191
5117
8455
1835
6321
6541
4815
2721
1787
6435
9919
7385
75
4909
7663
7129
5169
8355
673
9639
6709
8125
7199
9375
2821
7545
6985
2851
4729
6991
7817
9601
5839
8285
7967
8381
8489
3693
1977
8937
455
7641
773
233
2637
7349
9265
643
4759
569
943
9271
4801
8013
2247
1627
7673
2565
9087
8401
3891
8487
193
8197
8675
6625
119
529
3153
4151
6423
8537
1189
5687
7185
5119
2897
3005
2963
6153
7199
4581
6601
4183
5291
5679
2717
8715
971
1325
6395
4881
2547
6887
2099
8695
2431
8517
2797
2811
2231
6051
345
5483
529
2339
7229
9641
2367
4493
7373
1273
9451
8009
9011
847
8181
3005
3247
6457
1265
2771
7711
4917
1015
2417
5469
6621
5301
5085
7831
2811
5395
5769
2499
4241
9543
5271
9423
7375
1019
3121
6927
2921
7559
5649
9815
3625
7653
7469
6729
9489
5689
9061
1945
2693
399
2899
967
2889
7457
5443
8621
335
6799
5575
249
2219
6305
2195
8427
8337
1595
7511
509
3955
959
5893
2883
9253
5925
7189
7943
4637
4349
901
4771
9373
4057
6467
4009
4679
7209
4275
9341
5341
9887
9465
8771
493
4649
327
835
645
9105
3975
3311
2017
625
5055
111
145
921
6319
339
1271
7187
5913
3915
6283
4413
4903
6111
4045
9913
7329
6523
2891
6089
6105
6251
3773
8065
2235
8679
9369
6757
8575
277
5987
1075
5153
1449
5513
653
8933
2781
9513
9871
379
4751
7873
2793
4945
5457
139
8553
8235
5751
3533
1591
237
8337
5009
6743
2969
8343
4019
6653
4693
8173
237
8229
1825
5959
4531
4889
3489
3227
5405
3705
7623
6305
5167
2553
4485
9001
7641
545
993
2303
2253
5411
6369
6021
6007
4167
9869
1663
1253
4657
6925
2109
2377
3371
2253
5671
8547
8853
5317
8745
1989
7175
4581
7455
1851
9085
8587
4383
3051
8125
3053
1739
5059
5629
6593
6717
1595
8149
43
7195
9719
7901
8981
4459
8463
6971
4917
9359
4321
8305
557
513
3521
7529
813
9745
5081
1261
5807
5275
5557
3559
6247
2407
1885
7139
3925
865
6511
3235
6325
9201
335
7891
8695
4129
2075
7987
4363
4353
5611
6625
5039
795
3427
3603
2235
627
8581
1105
6795
3637
3399
55
2327
1335
5573
487
9675
6613
451
5771
597
931
1813
1187
7721
319
6507
4167
4875
8001
8935
9621
6285
4037
2595
1283
7383
1287
3721
3551
8723
217
5199
8625
9113
1643
3435
8333
3779
9697
1717
1127
911
9235
1485
1659
1855
6171
4615
2937
2121
8635
3395
239
5777
9381
5563
4553
1845
8313
1013
1827
1851
8769
3961
5723
7801
5307
4341
7501
9763
6299
3055
761
6721
2249
4477
3769
717
6855
639
8977
4107
6883
4285
9153
8505
7587
6075
7589
6177
3143
7203
6737
6439
8241
2423
5457
6611
9631
7979
4535
8971
3243
9125
8169
4369
9399
5685
1251
519
4491
8425
3697
3639
3227
2521
1473
5641
1753
3381
5565
1369
6749
499
4941
3701
925
5695
3733
3231
6465
7903
141
5901
7189
4465
345
2799
1103
6445
687
7405
6929
7205
5441
8029
7333
3609
3705
1491
8233
2385
4391
4997
1289
6057
5311
9159
6963
7605
7173
9809
799
5345
5199
7519
4117
3645
6939
9709
363
3745
2003
109
3915
7109
9367
7597
1027
6899
2371
7699
3909
7859
6269
5107
1271
3137
6761
8901
2605
8759
6551
7237
4507
3681
6205
4103
6751
6241
1921
4569
6791
6771
1885
5123
1851
2965
9147
397
5609
5933
5425
407
2197
163
5291
819
707
5827
3071
8905
4413
8433
6015
6797
6503
6171
2441
2183
5219
5911
9031
6651
1699
8259
7657
4467
6605
5793
8925
8461
207
889
8541
3499
9697
3523
9635
7191
2447
1259
4577
3509
7953
1149
7121
119
2999
7255
4709
6165
8379
8397
7061
9659
1567
5801
2837
3585
8757
2225
7861
7967
4441
8415
7161
4221
1607
2937
3549
3173
8261
5379
109
9319
1625
2935
2979
7443
2011
5599
971
1809
5863
845
339
9783
4835
7459
8583
423
6065
8075
3953
7603
477
9315
2707
7703
1563
3903
1913
6689
7223
1863
755
3237
7933
1421
6161
6957
2149
8969
241
1685
1325
6387
6741
6693
4455
1103
2875
5029
1021
8893
659
9173
1059
3751
7483
5605
3413
1225
3653
5953
6181
4497
8457
1583
6541
2703
4705
5733
6189
8845
4635
4699
6559
4187
131
4269
9541
6845
3575
8153
8085
807
3329
7443
1007
2619
4865
3735
617
3035
5629
8555
9235
1085
5101
1989
4533
1693
2837
7321
7121
1071
6303
4611
8055
3031
4335
4079
5451
9897
8031
8791
9381
5039
8425
5429
1903
1397
7155
6065
5079
8373
6183
41
2705
5851
8503
1735
3085
1485
2331
7401
1343
8369
863
8037
121
6159
4621
4377
3429
2623
8969
8695
1671
5535
9735
5383
7573
1057
6553
775
5685
5077
6961
7945
4631
7909
4907
2669
8319
5169
4081
9255
9833
3495
3749
1137
9427
3027
8327
2879
93
3403
8025
8513
6105
5703
8365
1073
8591
3573
393
5613
4963
3433
6119
5561
9509
4983
5315
405
6139
9031
31
7177
5697
9459
8559
7651
3027
4079
9873
2781
7787
2899
3365
2867
7843
9505
4401
1307
2267
9835
1739
4303
7919
7249
4691
7209
711
6675
8159
1449
9735
2515
5611
8165
8743
1353
3475
101
6507
7413
5813
1745
7167
3179
5527
1415
2121
8767
3421
4897
9335
2233
861
7563
3211
2479
9515
7713
7859
3999
893
3103
8829
3753
6067
9347
8269
6749
1407
3485
1779
8309
9513
5587
3067
1543
9749
7233
6457
663
8465
6091
8849
855
8875
7709
8095
1907
6511
573
2877
1885
3709
577
3557
2453
8469
8507
6273
9443
4493
5161
7697
2935
5377
2363
5055
8215
2867
973
2013
8799
7081
3857
59
539
4275
3979
3197
1921
8379
8147
7711
4001
7079
4009
4045
1839
8321
325
9855
7981
3107
3881
3067
7675
515
7007
1769
5149
5355
3489
3673
9873
6093
8559
9675
5599
9409
5923
4077
6405
7731
1509
8827
8757
5393
1705
1137
1689
3147
3563
5799
9359
3953
8365
2685
3707
5379
5509
3409
2315
4769
8067
7795
2071
467
7167
6771
8533
7321
8605
4641
3857
4333
6585
3525
5211
1963
2467
4225
5457
1189
3265
3009
9517
7549
8359
9673
6021
1907
347
9731
9313
9943
6227
5761
9673
7595
1653
3131
813
3761
803
1171
7105
9963
4833
9389
1067
343
7493
307
1087
503
751
9521
7133
7785
9115
1969
8945
6597
7637
3495
8569
4405
7017
6875
591
5445
4539
2187
7079
4859
4107
6101
6437
9899
6853
7357
6951
4557
7671
3101
7281
9397
1135
7105
7937
719
5367
5335
6201
4923
8327
8707
8671
5235
2109
2219
899
7703
5375
9031
4191
5757
2629
5487
2313
5529
6961
9345
7481
5729
253
8011
579
6067
5705
3509
6535
2575
9653
8265
7823
6215
3287
5841
6353
4187
1357
6145
1011
4771
8881
3307
4377
9499
7813
977
15
2987
277
8237
4505
9471
8353
9251
9907
8367
6325
5735
4073
5361
4783
5225
153
5107
2037
7185
2827
895
325
3103
4593
3093
7071
9317
5573
4557
9455
297
8457
8475
669
3367
1555
9519
299
4267
7897
6285
6785
5329
7865
2263
6307
4709
65
6791
7555
861
8101
7673
59
2765
7359
2519
2643
8451
3583
5167
9091
2405
3993
8509
6791
783
4011
7949
269
5121
2615
4613
9491
2417
6235
5801
5365
393
653
2143
7815
1951
1231
2515
6011
5173
5863
2805
3837
8235
7603
2237
4303
3907
1745
7723
7269
7815
5861
949
7645
2783
4683
5669
7031
6465
1611
8849
1947
5545
9969
7107
3603
9865
8025
3887
1665
2385
9813
9463
7821
3663
7683
5025
3165
9041
4961
1365
5085
4895
7305
5701
1037
4867
7697
3165
9513
7929
1537
5559
5751
579
5027
8851
9269
8327
8803
4741
81
8823
7649
7215
4587
4215
5495
3875
8909
2215
2521
63
4949
8173
4569
5389
937
3275
7869
4895
7815
9963
9839
6585
2065
4007
6713
2045
2487
2575
3177
6921
9817
8813
8341
4349
655
9403
4889
7737
675
4299
8057
1707
2185
6817
141
9087
9343
8805
2037
7953
5627
6061
5053
9781
1999
7779
1975
3309
4231
103
3423
1843
3851
1127
6281
1057
5399
2073
4517
689
779
4753
9227
1581
3227
6163
2499
303
9751
7681
2583
5833
9959
1639
1709
783
5669
7771
6827
8167
4027
413
5519
8515
5183
6651
1451
1511
1165
2531
141
1953
1191
6321
3603
3041
6207
9049
1799
6229
5053
2667
2247
957
5919
4945
4747
4055
6137
7753
2009
2787
975
5199
721
2847
5969
2105
7943
2977
6821
543
1373
8943
9205
2935
4459
4599
9083
5887
439
6235
6103
5339
5513
2379
4567
6207
1357
4807
3653
2717
875
4831
73
7277
5817
2353
3077
235
3627
603
9705
2529
7747
1805
3083
5925
2003
8397
6817
5743
9871
1309
7219
5105
8745
9339
9323
6261
2321
1225
9291
5451
6717
5047
1467
5245
8007
3225
5513
9933
5681
7861
9343
7253
6635
5333
1035
4905
7329
3839
3321
1399
4759
7501
6301
4989
61
6193
2955
8749
6343
2583
4183
4959
8561
2031
5223
8051
3429
8947
6457
7183
8255
2235
5653
7311
6967
6433
7913
6271
7739
2313
1899
6195
3995
6429
3991
5347
4927
7027
6865
4387
6359
5127
8169
6851
399
5715
2075
8601
2753
6067
6637
1639
1257
2797
5323
6349
3021
5005
3881
7285
3051
9567
869
5419
7439
9815
1837
9937
9979
8001
9531
2149
2377
9393
4981
291
9591
8973
5081
1733
2259
1785
285
6227
4525
3079
6951
9983
4579
9697
355
3445
6095
7191
1639
4811
6713
3389
7907
1861
7201
7883
6411
9779
4359
9931
9879
943
1249
8389
85
1059
2497
7501
4447
1681
3477
6663
5183
5385
5607
1573
217
2305
2379
9885
7345
4667
1221
7205
7161
6503
3173
7811
2107
6769
8015
2525
2983
7339
2863
8453
7681
3317
1059
3147
3337
6191
4401
1677
911
3163
8813
7505
3405
1549
2783
477
3851
111
9837
5463
809
7113
4271
7329
8333
1787
7083
9701
5603
6417
6159
5263
7421
3191
1831
7673
3177
2001
7711
7313
427
9703
6751
6329
3791
4549
3267
5927
2397
4533
7321
371
8801
7131
2941
3441
4369
8649
8773
223
8851
6421
7227
6037
4753
5415
9281
9791
3733
9611
8375
6391
6069
2495
3853
3591
8955
3043
5561
4343
5593
6665
549
4649
647
9103
3327
2309
3749
5223
3025
5849
1929
4465
6223
7309
5169
1501
8153
3147
3265
877
1309
9289
4949
4803
2087
3581
2317
2205
2371
1189
9665
937
3909
3459
6277
1563
6177
9947
2503
6531
7329
5725
1837
7027
1343
127
8337
9623
1885
5643
837
9217
6699
7159
7705
8403
673
2125
6605
1191
7669
9685
429
6827
4475
6741
8659
1551
1163
361
2561
7729
619
6015
3983
1995
3825
9775
733
221
8537
8325
7511
4677
791
3743
8043
5751
2091
5623
9737
9131
4891
3963
4095
707
727
6039
5581
8227
2073
3973
3831
7435
8931
1951
4591
957
7281
2561
9067
1499
4741
8997
9615
6015
5289
5529
8455
3659
2895
5523
4817
8009
4881
7361
1587
5737
8379
3385
5033
9287
4813
3811
4931
8251
3223
2571
4309
5243
3409
9321
4755
6439
9645
1887
7881
4209
9161
7217
675
3509
7903
9423
5199
9825
4905
53
8883
6701
5625
8221
4695
3499
9065
5043
7419
1403
7267
9947
9971
6293
8099
3347
5793
9407
6873
9745
7211
7107
3557
6159
1169
8855
6407
6049
689
5435
1133
1541
8499
813
6361
3671
3109
7497
3079
879
7557
9993
2619
413
2217
7793
4225
7113
9699
8663
9727
5779
3803
8943
6249
1965
7555
4881
7001
5903
4451
5893
8285
7993
4713
8933
1063
9957
2569
1879
5531
1561
561
7149
3315
4171
5411
1229
3399
4527
8865
59
1449
7669
2099
8399
6915
7857
365
485
9747
191
2921
5765
9747
4583
5329
4611
5549
295
4307
9747
1627
2719
7141
4679
5097
9869
2693
6123
2997
7779
1825
1341
8187
9209
3265
9005
751
6601
2023
5283
1877
2535
4041
2365
4173
8493
6175
3275
4993
427
9243
8823
6103
8833
5633
2613
2391
7913
2085
2315
7917
9685
1809
7821
8497
8711
5535
5931
3221
6839
8633
9211
5533
2219
6531
1813
4825
4421
8743
2567
3103
2573
8529
6283
1567
829
9989
7325
4159
7355
5207
8815
2867
6881
7295
5751
6621
9269
2207
5769
5941
9683
6289
3243
5403
7185
9201
1405
5519
7833
6887
1501
2109
4195
3943
9539
9717
1511
2045
183
9649
7233
3119
9343
1353
4847
2645
303
7683
2437
4779
981
9209
2703
2063
9873
1127
6139
7909
3861
7223
4399
6973
4413
4071
6817
8925
4023
4329
7823
2071
7611
2121
335
2647
2609
8593
5921
85
3071
5259
5523
5227
7859
8297
7055
6511
2027
4155
7333
8935
1343
4619
8313
9231
5877
9537
8635
5117
5117
2761
5773
6553
5061
2619
5927
2203
9565
5275
871
9691
3179
5161
881
3813
6279
7253
707
4839
8147
2807
7599
9441
7221
2129
5579
4895
4983
3675
9191
3037
1305
1195
9923
6095
8915
1181
611
9777
1023
9527
345
6415
1147
2925
3743
2637
3759
8287
3719
4373
3839
3557
487
6761
785
9901
8253
2089
6859
459
1269
9991
8065
9475
7379
9641
9979
9331
4655
4993
9161
4875
3769
5299
5829
457
2555
1921
4349
9639
7367
1229
4957
9229
6657
5273
4279
671
3497
4415
5441
7657
5493
7107
7733
8569
2421
5191
635
5537
6897
4769
9373
8397
9757
9697
693
4733
7157
6659
2115
1395
1361
2131
3903
9005
3223
3941
4383
5483
5013
1899
2695
3919
2811
6147
2303
7461
1963
9789
441
9189
683
1577
5259
7257
393
8103
5603
2347
5777
9033
8465
2225
671
6545
9041
8999
4281
2557
5995
7691
6743
1841
8223
9233
9635
2385
8707
681
2915
171
9753
1929
6789
3761
5627
4803
4787
9393
6449
4665
5761
995
7993
5423
6703
9989
9319
9071
9437
7095
39
7751
5241
4741
4803
4739
5621
2537
1837
1305
3967
2015
9649
805
137
3051
5709
6925
4425
3529
8251
8235
6131
4845
6399
4823
7847
901
9545
671
667
2049
6693
2871
6161
4575
6683
6195
2833
2593
9103
7041
5339
7231
6349
4575
2813
7859
413
7851
2625
161
7117
6377
5255
3589
6967
5737
2415
7509
6907
8163
7445
9533
8903
2111
1947
1857
6925
5219
5147
6179
4903
4245
5345
6271
4671
5551
615
5563
9611
115
8683
5301
8783
1177
6183
7699
5787
7965
4375
8711
4525
935
5513
8079
5221
1065
2059
9871
8097
837
8749
7013
6217
1781
1925
6125
87
9483
7833
2239
457
5025
6481
3457
2291
4465
7717
2127
2467
1573
977
6279
487
2643
889
2131
3725
1105
9439
9307
8821
6901
8241
5143
3171
5085
2449
9699
761
7437
8657
4123
8569
5371
5741
7323
9779
4203
3851
1389
7717
4271
3563
4599
4629
8415
5037
5639
5403
3701
1101
6227
8709
8543
2147
5185
8253
7443
3107
3701
8935
5753
77
1449
249
7383
7349
9659
835
7763
683
3303
9895
7489
1683
3873
8927
4899
2079
4653
7107
3701
961
1295
9205
697
1687
9769
5415
5169
6519
1251
8465
8873
8543
8287
325
1793
9461
7815
8147
5129
5467
8027
4901
5661
3859
7643
2669
9789
7569
7793
2619
6533
403
6245
5745
6279
317
7119
4113
4989
4465
2433
8437
1895
1351
4591
9495
8787
7917
8767
7593
9809
8631
9949
7585
607
2369
9277
4723
7921
1511
889
3719
9419
9643
1259
9801
9907
7375
4663
8003
3343
403
357
7845
7455
291
2851
27
6197
483
7655
8147
971
2293
1925
3407
6425
7993
1501
817
2077
1387
8619
7321
7885
8969
5151
6197
3947
4047
7011
2221
7957
8125
2573
5491
7789
8277
5093
9441
9533
9545
1543
2705
9115
2861
4633
6307
5287
5969
341
1083
8745
8843
9329
1511
9385
6129
9257
8261
1285
555
283
8901
3615
107
8811
5301
3253
6221
1235
7843
4617
7421
4745
9699
8439
3589
2693
6761
4011
131
5087
8111
2015
3339
4647
4997
9035
6529
3795
9611
5551
4951
3395
4247
5109
9069
4561
3049
9783
7045
7521
8249
4309
5057
8313
239
377
3581
5791
3161
4013
5497
9427
1927
6331
9437
8073
1161
7551
1629
4985
5069
935
7843
6759
797
7695
303
6119
965
5815
1789
2831
6317
9801
2249
7939
4465
3373
1917
2207
7761
4023
2509
9489
777
4017
1557
203
6887
5635
1225
1561
1373
9249
2765
1461
3817
3965
4383
4879
1543
5331
2593
501
9527
9359
7951
1511
307
9819
4363
3267
9839
6539
1487
8835
3325
9421
1689
4271
8665
2361
3
343
1799
557
1475
9147
9987
4127
1763
6795
9895
4817
8177
5841
7865
2275
6035
1815
9115
4115
5217
5943
127
987
1901
3677
9573
3651
7477
6661
2477
7509
4041
2291
3215
6471
8195
8585
5595
7053
9327
9987
1095
9283
9673
469
8491
9895
9691
2059
9115
9511
8843
1331
4507
4495
847
8747
9495
4807
5253
3655
1151
5071
5053
8651
1431
531
5937
3459
6791
4837
3
5591
405
2031
6595
8809
5083
5
1821
9029
8983
7789
165
6705
1401
189
9733
4079
6803
5337
4451
7553
7573
6929
9679
1481
385
3505
6497
3783
8067
6701
8125
2025
7337
1145
5527
8571
8275
3583
2707
8139
9581
7957
8143
3815
7721
2763
703
9697
875
3877
369
943
2817
8325
1399
567
8587
449
6081
7031
3347
9793
4241
4973
4147
1369
2961
2979
7341
433
1913
3233
8093
4439
7699
7763
1783
4431
9771
9891
3935
7623
7021
5235
1507
8211
7181
8037
4611
6589
2027
1583
525
4317
7609
985
3001
4387
9825
4677
6389
3069
2837
8301
8527
5459
2477
3191
3603
4415
4963
3859
4609
2013
8629
9601
1111
7835
3371
577
8199
8883
6731
4407
8385
6277
7051
831
277
8389
2737
4287
6971
5645
5445
3845
3405
7821
1959
8315
6737
8053
9915
7651
9071
4641
2735
829
4457
3425
3007
9409
693
3869
9377
4413
7773
8351
429
1337
523
115
8993
441
6149
7991
4155
5091
4603
4981
2937
6879
8987
7837
869
8609
9885
7699
3549
9195
9597
7681
5841
3439
4757
5743
6919
3431
7321
4773
9345
5231
1921
9961
7729
7597
6255
1601
8607
4315
9751
355
8267
8585
8711
1795
2699
8411
6631
8171
3067
4809
7889
7069
6579
2579
7827
8977
3503
1179
1075
2993
3897
9957
7349
9657
7473
8849
5053
7079
8487
5881
6575
9809
1987
6729
7845
5099
881
4821
3811
3271
9697
2399
239
3339
427
9761
4895
1795
1393
9007
167
7753
4819
197
8917
3995
99
2101
5417
2245
3403
1815
7753
4019
2073
1905
6557
4503
8585
5883
3357
759
389
255
5161
3227
3819
1439
2031
2513
5353
6003
4679
6045
8329
3235
5367
9887
9579
3161
8603
9683
3263
7123
2445
7075
6395
5941
9209
3091
5499
8697
7847
541
4571
5385
767
4261
1721
2539
7327
1655
8765
9257
5151
9737
6479
7457
9137
1291
1463
5977
2661
1521
307
6571
1747
6133
6209
9823
2797
3027
1249
2321
4053
8509
8193
3153
8419
8559
3089
5259
5685
4691
7019
4811
7457
693
8003
2045
631
8839
7051
9881
5373
2237
4963
8787
2307
3795
3533
3495
3135
8635
7537
177
4495
7083
367
5017
9835
7607
5027
3121
6431
2921
4081
1649
2145
8085
9981
729
